0
0.00736366
0.0147306
0.0221043
0.0294879
0.0368847
0.044298
0.051731
0.059187
0.066669
0.0741801
0.0817234
0.0893019
0.0969185
0.104576
0.112277
0.120024
0.12782
0.135668
0.143569
0.151526
0.159541
0.167617
0.175754
0.183955
0.192222
0.200555
0.208957
0.217428
0.22597
0.234583
0.243269
0.252027
0.260859
0.269764
0.278744
0.287796
0.296923
0.306122
0.315395
0.324739
0.334154
0.343639
0.353192
0.362813
0.372499
0.38225
0.392062
0.401935
0.411865
0.42185
0.431887
0.441975
0.452109
0.462288
0.472506
0.482762
0.493051
0.50337
0.513715
0.524082
0.534467
0.544866
0.555273
0.565685
0.576098
0.586505
0.596903
0.607286
0.61765
0.627988
0.638297
0.64857
0.658802
0.668988
0.679121
0.689198
0.699211
0.709155
0.719025
0.728814
0.738516
0.748127
0.75764
0.767049
0.776348
0.785532
0.794595
0.803531
0.812334
0.820998
0.829518
0.837888
0.846103
0.854157
0.862044
0.86976
0.877298
0.884655
0.891823
0.8988
0.905579
0.912156
0.918527
0.924686
0.930629
0.936352
0.941852
0.947123
0.952163
0.956967
0.961531
0.965854
0.96993
0.973759
0.977335
0.980658
0.983724
0.986531
0.989077
0.99136
0.993379
0.995132
0.996617
0.997834
0.998781
0.999458
0.999864
1
0.999864
0.999458
0.998781
0.997834
0.996617
0.995132
0.993379
0.99136
0.989077
0.986531
0.983724
0.980658
0.977335
0.973759
0.96993
0.965854
0.961531
0.956967
0.952163
0.947123
0.941852
0.936352
0.930629
0.924686
0.918527
0.912156
0.905579
0.8988
0.891823
0.884655
0.877298
0.86976
0.862044
0.854157
0.846103
0.837888
0.829518
0.820998
0.812334
0.803531
0.794595
0.785532
0.776348
0.767049
0.75764
0.748127
0.738516
0.728814
0.719025
0.709155
0.699211
0.689198
0.679121
0.668988
0.658802
0.64857
0.638297
0.627988
0.61765
0.607286
0.596903
0.586505
0.576098
0.565685
0.555273
0.544866
0.534467
0.524082
0.513715
0.50337
0.493051
0.482762
0.472506
0.462287
0.452109
0.441975
0.431887
0.42185
0.411865
0.401935
0.392062
0.38225
0.372499
0.362813
0.353192
0.343638
0.334154
0.324738
0.315394
0.306122
0.296923
0.287796
0.278744
0.269764
0.260859
0.252027
0.243269
0.234583
0.22597
0.217428
0.208957
0.200555
0.192222
0.183955
0.175754
0.167617
0.159541
0.151526
0.143569
0.135668
0.12782
0.120024
0.112277
0.104576
0.0969183
0.0893018
0.0817232
0.0741801
0.0666689
0.0591869
0.051731
0.0442979
0.0368846
0.0294876
0.0221043
0.0147306
0.00736361
-7.62955e-08
-0.00736376
-0.0147308
-0.0221044
-0.0294878
-0.0368847
-0.0442981
-0.0517311
-0.0591871
-0.0666691
-0.0741803
-0.0817234
-0.0893019
-0.0969185
-0.104576
-0.112277
-0.120024
-0.127821
-0.135668
-0.143569
-0.151526
-0.159542
-0.167617
-0.175754
-0.183955
-0.192222
-0.200555
-0.208957
-0.217428
-0.22597
-0.234583
-0.243269
-0.252027
-0.260859
-0.269764
-0.278744
-0.287797
-0.296923
-0.306123
-0.315395
-0.324739
-0.334154
-0.343639
-0.353192
-0.362813
-0.372499
-0.38225
-0.392062
-0.401935
-0.411865
-0.42185
-0.431888
-0.441975
-0.452109
-0.462288
-0.472506
-0.482762
-0.493051
-0.50337
-0.513715
-0.524082
-0.534467
-0.544866
-0.555273
-0.565686
-0.576098
-0.586505
-0.596903
-0.607286
-0.61765
-0.627988
-0.638297
-0.64857
-0.658802
-0.668988
-0.679121
-0.689198
-0.699211
-0.709155
-0.719025
-0.728814
-0.738517
-0.748127
-0.75764
-0.767049
-0.776348
-0.785532
-0.794595
-0.803531
-0.812334
-0.820998
-0.829518
-0.837888
-0.846103
-0.854157
-0.862044
-0.86976
-0.877298
-0.884655
-0.891823
-0.8988
-0.905579
-0.912156
-0.918527
-0.924686
-0.930629
-0.936352
-0.941852
-0.947123
-0.952163
-0.956967
-0.961531
-0.965854
-0.96993
-0.973759
-0.977335
-0.980658
-0.983724
-0.986531
-0.989077
-0.99136
-0.993379
-0.995132
-0.996617
-0.997834
-0.998781
-0.999458
-0.999864
-1
-0.999864
-0.999458
-0.998781
-0.997834
-0.996617
-0.995132
-0.993379
-0.99136
-0.989077
-0.986531
-0.983724
-0.980658
-0.977335
-0.973759
-0.96993
-0.965854
-0.961531
-0.956967
-0.952163
-0.947123
-0.941852
-0.936352
-0.930629
-0.924686
-0.918527
-0.912156
-0.905579
-0.8988
-0.891823
-0.884655
-0.877298
-0.86976
-0.862044
-0.854157
-0.846103
-0.837888
-0.829518
-0.820998
-0.812334
-0.803531
-0.794595
-0.785532
-0.776348
-0.767049
-0.75764
-0.748127
-0.738516
-0.728813
-0.719024
-0.709155
-0.699211
-0.689198
-0.679121
-0.668988
-0.658802
-0.64857
-0.638297
-0.627988
-0.617649
-0.607286
-0.596903
-0.586505
-0.576097
-0.565685
-0.555273
-0.544866
-0.534467
-0.524082
-0.513715
-0.50337
-0.493051
-0.482762
-0.472506
-0.462287
-0.452109
-0.441975
-0.431887
-0.42185
-0.411864
-0.401935
-0.392062
-0.38225
-0.372499
-0.362813
-0.353192
-0.343638
-0.334153
-0.324738
-0.315394
-0.306122
-0.296923
-0.287796
-0.278743
-0.269764
-0.260859
-0.252027
-0.243269
-0.234583
-0.22597
-0.217428
-0.208957
-0.200555
-0.192221
-0.183955
-0.175754
-0.167616
-0.159541
-0.151526
-0.143569
-0.135668
-0.12782
-0.120024
-0.112277
-0.104576
-0.0969183
-0.0893018
-0.0817233
-0.0741799
-0.0666686
-0.0591865
-0.0517306
-0.044298
-0.0368846
-0.0294878
-0.0221042
-0.0147305
-0.00736353
