0
0.00769962
0.0154114
0.0231471
0.0309175
0.0387321
0.0465987
0.0545231
0.0625089
0.0705575
0.0786677
0.0868359
0.0950566
0.103322
0.111622
0.119947
0.128284
0.136621
0.144945
0.153246
0.16151
0.169729
0.177894
0.185999
0.194041
0.202018
0.20993
0.217781
0.225578
0.233328
0.24104
0.248727
0.256401
0.264076
0.271763
0.279476
0.287228
0.295028
0.302887
0.310809
0.318801
0.326863
0.334996
0.343195
0.351453
0.359763
0.368114
0.376494
0.384887
0.393281
0.40166
0.410009
0.418316
0.426568
0.434754
0.442868
0.450903
0.458857
0.466731
0.47453
0.482259
0.489928
0.49755
0.505139
0.512711
0.520283
0.527873
0.535497
0.543172
0.550913
0.558733
0.56664
0.574643
0.582744
0.590943
0.599236
0.607615
0.616067
0.624579
0.633132
0.641707
0.650282
0.658834
0.667341
0.675783
0.684138
0.69239
0.700525
0.708533
0.716409
0.724152
0.731767
0.739263
0.746656
0.753966
0.761218
0.768438
0.775659
0.782912
0.790232
0.797652
0.805203
0.812914
0.820809
0.828906
0.837219
0.845751
0.8545
0.863452
0.872585
0.881868
0.89126
0.900711
0.91016
0.919542
0.928784
0.937806
0.946526
0.954859
0.96272
0.970024
0.976689
0.98264
0.987804
0.99212
0.995534
0.998005
0.9995
1
0.9995
0.998005
0.995534
0.99212
0.987804
0.982639
0.976689
0.970024
0.96272
0.954859
0.946526
0.937806
0.928784
0.919542
0.91016
0.90071
0.89126
0.881868
0.872585
0.863452
0.8545
0.845751
0.837219
0.828906
0.820808
0.812914
0.805203
0.797652
0.790232
0.782912
0.775659
0.768438
0.761218
0.753966
0.746656
0.739263
0.731767
0.724152
0.716409
0.708533
0.700525
0.69239
0.684138
0.675783
0.667341
0.658834
0.650282
0.641707
0.633132
0.624579
0.616067
0.607615
0.599236
0.590943
0.582744
0.574643
0.56664
0.558732
0.550913
0.543172
0.535497
0.527873
0.520283
0.512711
0.505139
0.49755
0.489928
0.482259
0.47453
0.466731
0.458857
0.450903
0.442868
0.434754
0.426568
0.418316
0.410009
0.40166
0.393281
0.384887
0.376493
0.368114
0.359763
0.351453
0.343195
0.334996
0.326863
0.318801
0.310809
0.302887
0.295028
0.287228
0.279476
0.271763
0.264075
0.256401
0.248727
0.24104
0.233327
0.225578
0.217781
0.20993
0.202017
0.194041
0.185999
0.177894
0.169729
0.16151
0.153245
0.144945
0.136621
0.128284
0.119947
0.111622
0.103322
0.0950564
0.0868357
0.0786677
0.0705575
0.0625089
0.054523
0.0465986
0.038732
0.0309173
0.0231471
0.0154114
0.00769958
-5.94239e-08
-0.0076997
-0.0154115
-0.0231472
-0.0309174
-0.0387321
-0.0465987
-0.0545231
-0.062509
-0.0705576
-0.0786678
-0.0868359
-0.0950566
-0.103322
-0.111622
-0.119947
-0.128284
-0.136621
-0.144945
-0.153246
-0.16151
-0.169729
-0.177894
-0.186
-0.194041
-0.202018
-0.20993
-0.217781
-0.225578
-0.233328
-0.24104
-0.248728
-0.256401
-0.264076
-0.271763
-0.279476
-0.287228
-0.295028
-0.302887
-0.310809
-0.318801
-0.326864
-0.334996
-0.343195
-0.351453
-0.359763
-0.368114
-0.376494
-0.384887
-0.393281
-0.40166
-0.410009
-0.418316
-0.426568
-0.434755
-0.442868
-0.450903
-0.458857
-0.466732
-0.47453
-0.482258
-0.489928
-0.49755
-0.505139
-0.512711
-0.520283
-0.527873
-0.535497
-0.543172
-0.550913
-0.558732
-0.56664
-0.574643
-0.582744
-0.590943
-0.599236
-0.607615
-0.616067
-0.624579
-0.633132
-0.641707
-0.650282
-0.658834
-0.667341
-0.675782
-0.684138
-0.69239
-0.700525
-0.708533
-0.716409
-0.724152
-0.731767
-0.739263
-0.746656
-0.753967
-0.761218
-0.768438
-0.775658
-0.782912
-0.790232
-0.797652
-0.805203
-0.812914
-0.820809
-0.828906
-0.837219
-0.845751
-0.8545
-0.863452
-0.872585
-0.881869
-0.89126
-0.90071
-0.91016
-0.919542
-0.928784
-0.937806
-0.946526
-0.954859
-0.96272
-0.970024
-0.976689
-0.98264
-0.987804
-0.99212
-0.995535
-0.998005
-0.9995
-1
-0.9995
-0.998005
-0.995534
-0.99212
-0.987804
-0.982639
-0.976689
-0.970024
-0.96272
-0.954859
-0.946526
-0.937806
-0.928783
-0.919542
-0.91016
-0.90071
-0.89126
-0.881868
-0.872585
-0.863451
-0.854499
-0.845751
-0.837219
-0.828906
-0.820808
-0.812914
-0.805203
-0.797652
-0.790232
-0.782912
-0.775658
-0.768438
-0.761217
-0.753966
-0.746656
-0.739263
-0.731767
-0.724152
-0.716409
-0.708533
-0.700525
-0.69239
-0.684138
-0.675782
-0.667341
-0.658834
-0.650282
-0.641707
-0.633132
-0.624579
-0.616067
-0.607615
-0.599236
-0.590943
-0.582744
-0.574643
-0.56664
-0.558732
-0.550913
-0.543172
-0.535497
-0.527873
-0.520283
-0.512711
-0.505139
-0.49755
-0.489928
-0.482259
-0.47453
-0.466732
-0.458857
-0.450903
-0.442868
-0.434754
-0.426568
-0.418316
-0.410009
-0.401659
-0.393281
-0.384887
-0.376494
-0.368114
-0.359763
-0.351453
-0.343195
-0.334996
-0.326863
-0.318801
-0.310809
-0.302886
-0.295028
-0.287228
-0.279476
-0.271763
-0.264076
-0.256401
-0.248727
-0.24104
-0.233327
-0.225578
-0.217781
-0.209929
-0.202017
-0.194041
-0.185999
-0.177894
-0.169728
-0.16151
-0.153245
-0.144945
-0.136621
-0.128284
-0.119947
-0.111622
-0.103322
-0.0950565
-0.0868358
-0.0786675
-0.0705571
-0.0625085
-0.0545226
-0.0465986
-0.0387321
-0.0309175
-0.0231471
-0.0154113
-0.00769954
