0
0.0078125
0.0156746
0.0235368
0.0313492
0.0391617
0.0470239
0.0548861
0.0626985
0.0705109
0.0783732
0.0862355
0.0940477
0.10186
0.109722
0.117585
0.125397
0.133209
0.141072
0.148934
0.156746
0.164558
0.172421
0.180284
0.188095
0.195907
0.20377
0.211634
0.219445
0.227256
0.23512
0.242983
0.250794
0.258604
0.266469
0.274333
0.282143
0.289953
0.297818
0.305683
0.313492
0.321302
0.329168
0.337033
0.344842
0.35265
0.360517
0.368383
0.376191
0.383998
0.391866
0.399734
0.40754
0.415347
0.423215
0.431084
0.438889
0.446695
0.454565
0.462435
0.470239
0.478042
0.485914
0.493786
0.501588
0.50939
0.517263
0.525137
0.532937
0.540737
0.548613
0.556488
0.564286
0.572084
0.579962
0.58784
0.595635
0.603431
0.611311
0.619192
0.626984
0.634777
0.642661
0.650544
0.658333
0.666123
0.67401
0.681898
0.689682
0.697467
0.70536
0.713252
0.721031
0.728811
0.73671
0.744608
0.75238
0.760153
0.76806
0.775965
0.783728
0.791493
0.79941
0.807325
0.815076
0.822829
0.830761
0.83869
0.846424
0.854161
0.862113
0.870061
0.87777
0.885482
0.893467
0.901445
0.909111
0.916785
0.924828
0.93286
0.94044
0.948038
0.956216
0.964363
0.971697
0.979102
0.987873
0.996337
1
0.996337
0.987873
0.979102
0.971697
0.964363
0.956216
0.948038
0.94044
0.93286
0.924828
0.916785
0.909111
0.901445
0.893467
0.885482
0.87777
0.870061
0.862112
0.854161
0.846424
0.83869
0.830761
0.822829
0.815076
0.807325
0.79941
0.791493
0.783728
0.775965
0.76806
0.760153
0.752379
0.744608
0.73671
0.728811
0.721031
0.713252
0.70536
0.697467
0.689682
0.681898
0.674011
0.666123
0.658333
0.650544
0.642661
0.634777
0.626984
0.619192
0.611311
0.603431
0.595635
0.58784
0.579962
0.572084
0.564286
0.556488
0.548613
0.540737
0.532937
0.525136
0.517263
0.50939
0.501588
0.493785
0.485914
0.478042
0.470239
0.462435
0.454565
0.446695
0.438889
0.431084
0.423215
0.415346
0.40754
0.399734
0.391866
0.383998
0.376191
0.368383
0.360517
0.35265
0.344842
0.337033
0.329168
0.321302
0.313492
0.305683
0.297818
0.289953
0.282143
0.274333
0.266469
0.258604
0.250794
0.242983
0.23512
0.227256
0.219445
0.211634
0.20377
0.195907
0.188096
0.180284
0.172421
0.164558
0.156746
0.148934
0.141072
0.133209
0.125397
0.117585
0.109722
0.10186
0.0940476
0.0862353
0.0783732
0.0705109
0.0626985
0.0548861
0.0470239
0.0391616
0.031349
0.0235367
0.0156746
0.00781245
-5.38808e-08
-0.00781257
-0.0156748
-0.0235369
-0.0313492
-0.0391618
-0.047024
-0.0548862
-0.0626986
-0.070511
-0.0783733
-0.0862355
-0.0940477
-0.10186
-0.109723
-0.117585
-0.125397
-0.133209
-0.141072
-0.148935
-0.156746
-0.164558
-0.172421
-0.180284
-0.188096
-0.195907
-0.20377
-0.211634
-0.219445
-0.227256
-0.23512
-0.242984
-0.250794
-0.258604
-0.266469
-0.274333
-0.282143
-0.289953
-0.297818
-0.305683
-0.313492
-0.321302
-0.329168
-0.337033
-0.344842
-0.35265
-0.360517
-0.368383
-0.376191
-0.383998
-0.391866
-0.399734
-0.40754
-0.415346
-0.423215
-0.431084
-0.438889
-0.446695
-0.454565
-0.462435
-0.470239
-0.478042
-0.485914
-0.493786
-0.501588
-0.50939
-0.517263
-0.525137
-0.532937
-0.540737
-0.548613
-0.556488
-0.564286
-0.572084
-0.579962
-0.58784
-0.595635
-0.603431
-0.611312
-0.619192
-0.626984
-0.634777
-0.642661
-0.650545
-0.658333
-0.666123
-0.674011
-0.681898
-0.689682
-0.697467
-0.70536
-0.713252
-0.721031
-0.728811
-0.73671
-0.744608
-0.75238
-0.760153
-0.76806
-0.775965
-0.783728
-0.791493
-0.79941
-0.807325
-0.815077
-0.82283
-0.83076
-0.83869
-0.846424
-0.854161
-0.862113
-0.870061
-0.87777
-0.885483
-0.893467
-0.901446
-0.909111
-0.916785
-0.924828
-0.93286
-0.94044
-0.948038
-0.956216
-0.964363
-0.971697
-0.979102
-0.987873
-0.996337
-1
-0.996337
-0.987872
-0.979102
-0.971697
-0.964363
-0.956216
-0.948038
-0.94044
-0.93286
-0.924828
-0.916785
-0.909111
-0.901445
-0.893467
-0.885482
-0.87777
-0.870061
-0.862112
-0.854161
-0.846424
-0.83869
-0.83076
-0.822829
-0.815076
-0.807325
-0.79941
-0.791493
-0.783728
-0.775965
-0.768059
-0.760153
-0.75238
-0.744608
-0.73671
-0.728811
-0.721031
-0.713252
-0.70536
-0.697467
-0.689682
-0.681898
-0.674011
-0.666123
-0.658333
-0.650544
-0.642661
-0.634777
-0.626984
-0.619192
-0.611311
-0.603431
-0.595635
-0.58784
-0.579962
-0.572084
-0.564286
-0.556488
-0.548613
-0.540737
-0.532937
-0.525136
-0.517263
-0.50939
-0.501587
-0.493785
-0.485914
-0.478042
-0.470239
-0.462435
-0.454565
-0.446695
-0.438889
-0.431084
-0.423215
-0.415346
-0.40754
-0.399733
-0.391866
-0.383998
-0.376191
-0.368383
-0.360517
-0.35265
-0.344842
-0.337033
-0.329167
-0.321302
-0.313492
-0.305683
-0.297818
-0.289953
-0.282143
-0.274333
-0.266469
-0.258604
-0.250794
-0.242983
-0.235119
-0.227256
-0.219445
-0.211633
-0.20377
-0.195907
-0.188095
-0.180284
-0.172421
-0.164558
-0.156746
-0.148935
-0.141072
-0.133209
-0.125397
-0.117585
-0.109722
-0.10186
-0.0940476
-0.0862354
-0.0783731
-0.0705105
-0.0626981
-0.0548857
-0.0470239
-0.0391617
-0.0313492
-0.0235367
-0.0156745
-0.00781241
