0
0.00758307
0.0151724
0.0227743
0.0303949
0.03804
0.0457155
0.0534268
0.061179
0.0689768
0.0768245
0.0847261
0.0926848
0.100704
0.108784
0.116929
0.125139
0.133415
0.141755
0.150161
0.158629
0.167159
0.175747
0.18439
0.193086
0.201828
0.210614
0.219437
0.228292
0.237173
0.246074
0.254989
0.26391
0.272831
0.281745
0.290646
0.299526
0.308379
0.317198
0.325978
0.334711
0.343393
0.352018
0.360582
0.36908
0.37751
0.385866
0.394149
0.402355
0.410484
0.418535
0.426509
0.434408
0.442232
0.449986
0.457672
0.465294
0.472857
0.480367
0.48783
0.495253
0.502642
0.510006
0.517353
0.524691
0.532029
0.539376
0.546741
0.554134
0.561563
0.569038
0.576568
0.584161
0.591825
0.599569
0.6074
0.615325
0.623349
0.631478
0.639716
0.648067
0.656534
0.665118
0.67382
0.682639
0.691574
0.700621
0.709776
0.719034
0.728389
0.737831
0.747354
0.756945
0.766594
0.776287
0.786011
0.795751
0.805491
0.815214
0.824902
0.834537
0.844098
0.853566
0.862921
0.87214
0.881203
0.890087
0.898771
0.907233
0.91545
0.923401
0.931064
0.938418
0.945443
0.952119
0.958426
0.964346
0.969861
0.974955
0.979613
0.98382
0.987563
0.990832
0.993615
0.995904
0.997692
0.998973
0.999743
1
0.999743
0.998973
0.997692
0.995904
0.993615
0.990832
0.987563
0.98382
0.979613
0.974955
0.969861
0.964346
0.958426
0.952119
0.945443
0.938418
0.931064
0.9234
0.91545
0.907232
0.898771
0.890087
0.881203
0.87214
0.862921
0.853566
0.844098
0.834537
0.824902
0.815214
0.805491
0.795751
0.786011
0.776287
0.766594
0.756945
0.747354
0.737831
0.728389
0.719034
0.709776
0.700621
0.691574
0.682639
0.67382
0.665118
0.656534
0.648067
0.639716
0.631478
0.623349
0.615325
0.6074
0.599569
0.591825
0.584161
0.576568
0.569038
0.561563
0.554134
0.546741
0.539376
0.532029
0.524691
0.517353
0.510006
0.502642
0.495253
0.48783
0.480367
0.472857
0.465294
0.457672
0.449986
0.442232
0.434408
0.426509
0.418535
0.410484
0.402355
0.394149
0.385866
0.377509
0.36908
0.360582
0.352018
0.343393
0.334711
0.325978
0.317198
0.308379
0.299526
0.290646
0.281745
0.272831
0.26391
0.254989
0.246074
0.237173
0.228292
0.219437
0.210614
0.201828
0.193086
0.18439
0.175747
0.167159
0.158629
0.150161
0.141755
0.133415
0.125139
0.116929
0.108784
0.100703
0.0926847
0.0847259
0.0768245
0.0689768
0.061179
0.0534268
0.0457155
0.03804
0.0303947
0.0227743
0.0151724
0.00758302
-7.23062e-08
-0.00758316
-0.0151725
-0.0227744
-0.0303948
-0.0380401
-0.0457156
-0.0534269
-0.0611791
-0.0689769
-0.0768247
-0.0847261
-0.0926848
-0.100704
-0.108785
-0.11693
-0.125139
-0.133415
-0.141755
-0.150161
-0.158629
-0.167159
-0.175747
-0.184391
-0.193086
-0.201828
-0.210614
-0.219437
-0.228292
-0.237173
-0.246074
-0.254989
-0.26391
-0.272831
-0.281746
-0.290646
-0.299526
-0.308379
-0.317199
-0.325978
-0.334711
-0.343393
-0.352018
-0.360582
-0.369081
-0.377509
-0.385866
-0.394149
-0.402355
-0.410484
-0.418535
-0.42651
-0.434408
-0.442232
-0.449986
-0.457672
-0.465294
-0.472857
-0.480367
-0.48783
-0.495253
-0.502642
-0.510006
-0.517353
-0.524691
-0.532029
-0.539376
-0.546741
-0.554134
-0.561563
-0.569038
-0.576568
-0.584161
-0.591825
-0.599569
-0.6074
-0.615325
-0.623349
-0.631478
-0.639716
-0.648067
-0.656534
-0.665119
-0.67382
-0.682639
-0.691574
-0.700621
-0.709776
-0.719034
-0.728389
-0.737832
-0.747354
-0.756945
-0.766594
-0.776287
-0.786011
-0.795751
-0.805491
-0.815214
-0.824902
-0.834537
-0.844098
-0.853567
-0.862921
-0.87214
-0.881203
-0.890087
-0.898771
-0.907233
-0.91545
-0.923401
-0.931064
-0.938418
-0.945443
-0.952119
-0.958426
-0.964346
-0.969861
-0.974955
-0.979613
-0.98382
-0.987563
-0.990832
-0.993615
-0.995904
-0.997692
-0.998973
-0.999743
-1
-0.999743
-0.998973
-0.997691
-0.995904
-0.993615
-0.990832
-0.987563
-0.98382
-0.979613
-0.974955
-0.969861
-0.964346
-0.958426
-0.952119
-0.945443
-0.938418
-0.931064
-0.9234
-0.915449
-0.907232
-0.898771
-0.890087
-0.881203
-0.87214
-0.862921
-0.853566
-0.844098
-0.834537
-0.824902
-0.815214
-0.805491
-0.795751
-0.786011
-0.776287
-0.766594
-0.756945
-0.747354
-0.737831
-0.728389
-0.719034
-0.709776
-0.700621
-0.691574
-0.682639
-0.67382
-0.665118
-0.656534
-0.648067
-0.639716
-0.631477
-0.623349
-0.615325
-0.6074
-0.59957
-0.591826
-0.584161
-0.576568
-0.569038
-0.561563
-0.554134
-0.546741
-0.539376
-0.532029
-0.524691
-0.517353
-0.510007
-0.502642
-0.495253
-0.48783
-0.480367
-0.472857
-0.465294
-0.457671
-0.449986
-0.442232
-0.434408
-0.426509
-0.418535
-0.410483
-0.402355
-0.394149
-0.385866
-0.37751
-0.36908
-0.360582
-0.352018
-0.343393
-0.334711
-0.325978
-0.317198
-0.308379
-0.299526
-0.290646
-0.281745
-0.272831
-0.26391
-0.254989
-0.246074
-0.237173
-0.228292
-0.219437
-0.210614
-0.201828
-0.193085
-0.18439
-0.175747
-0.167158
-0.158629
-0.150161
-0.141755
-0.133415
-0.125139
-0.116929
-0.108784
-0.100703
-0.0926847
-0.0847259
-0.0768244
-0.0689764
-0.0611785
-0.0534264
-0.0457155
-0.03804
-0.0303948
-0.0227743
-0.0151723
-0.00758295
