0
0.00775943
0.0155422
0.0233682
0.0312506
0.039194
0.047194
0.0552372
0.0633039
0.0713706
0.0794138
0.0874134
0.0953562
0.103237
0.111061
0.118841
0.126598
0.134354
0.142135
0.149959
0.157842
0.165787
0.173791
0.181839
0.189912
0.197985
0.206033
0.214036
0.221979
0.229858
0.237676
0.245448
0.253195
0.260942
0.268714
0.276533
0.284415
0.292364
0.300376
0.308436
0.316522
0.324609
0.332668
0.340678
0.348623
0.356497
0.364304
0.37206
0.379789
0.387517
0.395274
0.403084
0.410963
0.418919
0.426945
0.435026
0.443136
0.451247
0.459327
0.46735
0.475298
0.483163
0.490952
0.498681
0.506377
0.514073
0.521803
0.529596
0.537471
0.545438
0.553489
0.561606
0.56976
0.577914
0.58603
0.594075
0.602028
0.609878
0.617632
0.625311
0.632949
0.640588
0.648269
0.65603
0.6639
0.671888
0.679988
0.688175
0.696411
0.704647
0.712831
0.72092
0.728879
0.736697
0.744378
0.751954
0.75947
0.766987
0.774567
0.782267
0.790129
0.798172
0.806389
0.814743
0.823173
0.831603
0.839949
0.848132
0.856094
0.863804
0.871271
0.878542
0.8857
0.89286
0.900149
0.907691
0.91559
0.923905
0.932638
0.941723
0.951016
0.960303
0.969312
0.977724
0.985207
0.991432
0.996111
0.999015
1
0.999015
0.996111
0.991432
0.985207
0.977724
0.969312
0.960303
0.951016
0.941723
0.932638
0.923905
0.91559
0.907691
0.900149
0.89286
0.8857
0.878541
0.871271
0.863804
0.856094
0.848132
0.839949
0.831603
0.823173
0.814742
0.806389
0.798172
0.790129
0.782267
0.774567
0.766987
0.75947
0.751954
0.744378
0.736697
0.728879
0.720919
0.712831
0.704646
0.696411
0.688175
0.679988
0.671888
0.6639
0.65603
0.648269
0.640587
0.632949
0.625311
0.617632
0.609878
0.602028
0.594075
0.586029
0.577914
0.56976
0.561606
0.553489
0.545438
0.537471
0.529596
0.521803
0.514073
0.506377
0.498681
0.490952
0.483163
0.475298
0.46735
0.459327
0.451247
0.443136
0.435026
0.426945
0.418919
0.410963
0.403084
0.395274
0.387517
0.379789
0.37206
0.364304
0.356497
0.348623
0.340678
0.332668
0.324609
0.316522
0.308436
0.300376
0.292364
0.284415
0.276533
0.268714
0.260941
0.253195
0.245448
0.237676
0.229858
0.221979
0.214036
0.206033
0.197985
0.189912
0.181839
0.173791
0.165787
0.157842
0.149959
0.142135
0.134354
0.126598
0.118841
0.111061
0.103237
0.0953561
0.0874132
0.0794137
0.0713706
0.0633039
0.0552372
0.047194
0.0391939
0.0312503
0.0233681
0.0155422
0.00775938
-6.72187e-08
-0.00775952
-0.0155423
-0.0233683
-0.0312505
-0.0391941
-0.0471941
-0.0552373
-0.063304
-0.0713707
-0.0794139
-0.0874134
-0.0953562
-0.103237
-0.111061
-0.118842
-0.126598
-0.134354
-0.142135
-0.149959
-0.157842
-0.165787
-0.173791
-0.18184
-0.189912
-0.197985
-0.206033
-0.214036
-0.221979
-0.229858
-0.237676
-0.245448
-0.253195
-0.260942
-0.268714
-0.276534
-0.284415
-0.292364
-0.300376
-0.308436
-0.316522
-0.324609
-0.332668
-0.340678
-0.348623
-0.356497
-0.364304
-0.37206
-0.379789
-0.387517
-0.395274
-0.403084
-0.410963
-0.418919
-0.426945
-0.435026
-0.443137
-0.451247
-0.459327
-0.46735
-0.475298
-0.483163
-0.490952
-0.498681
-0.506377
-0.514073
-0.521803
-0.529596
-0.537471
-0.545438
-0.553489
-0.561606
-0.56976
-0.577914
-0.58603
-0.594076
-0.602028
-0.609878
-0.617632
-0.625311
-0.63295
-0.640588
-0.648269
-0.65603
-0.6639
-0.671888
-0.679988
-0.688175
-0.696411
-0.704646
-0.712831
-0.72092
-0.728879
-0.736697
-0.744378
-0.751954
-0.75947
-0.766987
-0.774567
-0.782267
-0.790129
-0.798172
-0.806389
-0.814743
-0.823173
-0.831603
-0.839949
-0.848132
-0.856094
-0.863804
-0.871271
-0.878542
-0.8857
-0.89286
-0.900149
-0.907691
-0.91559
-0.923905
-0.932638
-0.941723
-0.951016
-0.960303
-0.969312
-0.977724
-0.985207
-0.991432
-0.996111
-0.999015
-1
-0.999015
-0.99611
-0.991432
-0.985206
-0.977724
-0.969312
-0.960303
-0.951016
-0.941722
-0.932638
-0.923905
-0.91559
-0.907691
-0.900149
-0.89286
-0.8857
-0.878541
-0.871271
-0.863804
-0.856094
-0.848132
-0.839949
-0.831603
-0.823173
-0.814742
-0.806389
-0.798172
-0.790129
-0.782267
-0.774567
-0.766987
-0.75947
-0.751953
-0.744378
-0.736696
-0.728879
-0.720919
-0.712831
-0.704646
-0.696411
-0.688175
-0.679988
-0.671888
-0.6639
-0.65603
-0.648268
-0.640587
-0.632949
-0.625311
-0.617632
-0.609878
-0.602028
-0.594075
-0.58603
-0.577914
-0.56976
-0.561606
-0.553489
-0.545437
-0.537471
-0.529596
-0.521803
-0.514073
-0.506377
-0.49868
-0.490952
-0.483163
-0.475298
-0.46735
-0.459327
-0.451247
-0.443136
-0.435026
-0.426945
-0.418919
-0.410963
-0.403084
-0.395274
-0.387517
-0.379789
-0.37206
-0.364304
-0.356497
-0.348623
-0.340678
-0.332668
-0.324609
-0.316522
-0.308436
-0.300376
-0.292364
-0.284415
-0.276533
-0.268714
-0.260942
-0.253195
-0.245448
-0.237676
-0.229858
-0.221979
-0.214036
-0.206033
-0.197985
-0.189912
-0.181839
-0.173791
-0.165787
-0.157842
-0.149959
-0.142135
-0.134354
-0.126598
-0.118841
-0.111061
-0.103237
-0.0953561
-0.0874133
-0.0794136
-0.0713702
-0.0633035
-0.0552368
-0.047194
-0.039194
-0.0312505
-0.0233681
-0.0155421
-0.00775931
