0
0.00779189
0.015625
0.0235165
0.0314493
0.0393821
0.0472735
0.0551064
0.062898
0.0706895
0.0785226
0.0864144
0.0943479
0.102281
0.110173
0.118005
0.125796
0.133586
0.141419
0.149312
0.157247
0.165181
0.173074
0.180905
0.188694
0.196483
0.204315
0.212208
0.220145
0.228082
0.235975
0.243806
0.251592
0.259378
0.267209
0.275104
0.283044
0.290984
0.298878
0.306707
0.314489
0.322272
0.330102
0.337998
0.345943
0.353887
0.361783
0.36961
0.377387
0.385165
0.392993
0.400892
0.408842
0.416792
0.424689
0.432513
0.440285
0.448056
0.455881
0.463784
0.471741
0.479698
0.487599
0.495419
0.503182
0.510945
0.518767
0.526673
0.53464
0.542608
0.550512
0.558327
0.566079
0.57383
0.581648
0.58956
0.597541
0.605521
0.61343
0.621239
0.628974
0.63671
0.644522
0.652443
0.660442
0.668441
0.676357
0.684156
0.691869
0.699582
0.707386
0.715319
0.723345
0.731372
0.739299
0.747082
0.75476
0.762439
0.77023
0.778183
0.786254
0.794324
0.802266
0.810023
0.817643
0.825265
0.833036
0.841025
0.849176
0.857325
0.865293
0.872996
0.880501
0.888008
0.895743
0.903819
0.912153
0.920482
0.928501
0.936042
0.943214
0.950396
0.958069
0.966538
0.975667
0.984755
0.992651
0.998068
1
0.998068
0.992651
0.984755
0.975667
0.966538
0.958069
0.950396
0.943214
0.936042
0.9285
0.920482
0.912153
0.903819
0.895743
0.888008
0.880501
0.872996
0.865293
0.857325
0.849176
0.841025
0.833036
0.825265
0.817643
0.810023
0.802266
0.794324
0.786254
0.778183
0.77023
0.762439
0.75476
0.747081
0.739298
0.731372
0.723345
0.715318
0.707386
0.699582
0.691869
0.684156
0.676357
0.668441
0.660442
0.652443
0.644522
0.63671
0.628974
0.621239
0.61343
0.605521
0.597541
0.58956
0.581648
0.57383
0.566079
0.558327
0.550512
0.542607
0.53464
0.526673
0.518767
0.510945
0.503182
0.495419
0.487599
0.479698
0.471741
0.463783
0.455881
0.448056
0.440285
0.432513
0.424689
0.416791
0.408842
0.400892
0.392993
0.385165
0.377387
0.36961
0.361783
0.353887
0.345943
0.337998
0.330102
0.322272
0.314489
0.306707
0.298878
0.290984
0.283044
0.275104
0.267209
0.259378
0.251592
0.243806
0.235975
0.228082
0.220145
0.212208
0.204315
0.196482
0.188694
0.180905
0.173073
0.165181
0.157246
0.149311
0.141419
0.133586
0.125796
0.118005
0.110173
0.102281
0.0943478
0.0864143
0.0785226
0.0706895
0.062898
0.0551064
0.0472734
0.0393819
0.0314491
0.0235165
0.015625
0.00779184
-5.99775e-08
-0.00779196
-0.0156251
-0.0235166
-0.0314492
-0.0393821
-0.0472735
-0.0551065
-0.0628981
-0.0706896
-0.0785227
-0.0864144
-0.0943479
-0.102281
-0.110173
-0.118006
-0.125796
-0.133587
-0.141419
-0.149312
-0.157247
-0.165181
-0.173074
-0.180905
-0.188694
-0.196483
-0.204315
-0.212208
-0.220145
-0.228082
-0.235975
-0.243806
-0.251592
-0.259378
-0.267209
-0.275104
-0.283044
-0.290984
-0.298878
-0.306707
-0.31449
-0.322272
-0.330102
-0.337998
-0.345943
-0.353887
-0.361783
-0.36961
-0.377387
-0.385165
-0.392993
-0.400892
-0.408842
-0.416792
-0.424689
-0.432513
-0.440285
-0.448056
-0.455881
-0.463784
-0.471741
-0.479698
-0.487599
-0.495419
-0.503182
-0.510945
-0.518767
-0.526673
-0.534641
-0.542607
-0.550512
-0.558327
-0.566079
-0.57383
-0.581648
-0.58956
-0.597541
-0.605521
-0.613431
-0.621239
-0.628975
-0.63671
-0.644522
-0.652443
-0.660442
-0.668441
-0.676358
-0.684156
-0.691869
-0.699582
-0.707386
-0.715319
-0.723345
-0.731372
-0.739299
-0.747082
-0.75476
-0.762439
-0.77023
-0.778183
-0.786254
-0.794324
-0.802266
-0.810023
-0.817643
-0.825265
-0.833036
-0.841025
-0.849176
-0.857325
-0.865294
-0.872996
-0.880501
-0.888009
-0.895743
-0.90382
-0.912153
-0.920482
-0.928501
-0.936042
-0.943214
-0.950396
-0.958069
-0.966539
-0.975667
-0.984755
-0.992651
-0.998068
-1
-0.998068
-0.992651
-0.984755
-0.975667
-0.966538
-0.958069
-0.950396
-0.943214
-0.936042
-0.928501
-0.920482
-0.912153
-0.903819
-0.895743
-0.888008
-0.880501
-0.872996
-0.865293
-0.857324
-0.849176
-0.841025
-0.833035
-0.825265
-0.817643
-0.810023
-0.802266
-0.794324
-0.786254
-0.778183
-0.77023
-0.762439
-0.75476
-0.747081
-0.739299
-0.731372
-0.723345
-0.715318
-0.707385
-0.699582
-0.691869
-0.684156
-0.676357
-0.668441
-0.660442
-0.652443
-0.644522
-0.63671
-0.628974
-0.621239
-0.61343
-0.605521
-0.597541
-0.58956
-0.581648
-0.57383
-0.566079
-0.558327
-0.550512
-0.542607
-0.53464
-0.526673
-0.518766
-0.510944
-0.503182
-0.495419
-0.487599
-0.479698
-0.471741
-0.463784
-0.455881
-0.448056
-0.440285
-0.432513
-0.424689
-0.416791
-0.408842
-0.400891
-0.392992
-0.385165
-0.377387
-0.36961
-0.361783
-0.353887
-0.345943
-0.337998
-0.330102
-0.322272
-0.314489
-0.306707
-0.298878
-0.290984
-0.283044
-0.275103
-0.267209
-0.259378
-0.251592
-0.243806
-0.235975
-0.228082
-0.220145
-0.212208
-0.204314
-0.196482
-0.188693
-0.180905
-0.173073
-0.165181
-0.157247
-0.149312
-0.141419
-0.133586
-0.125796
-0.118005
-0.110173
-0.102281
-0.0943478
-0.0864143
-0.0785225
-0.0706892
-0.0628976
-0.055106
-0.0472734
-0.039382
-0.0314492
-0.0235165
-0.0156249
-0.00779179
