0
0.00782489
0.0156498
0.0234747
0.0312995
0.0391245
0.0469493
0.0547742
0.0625991
0.070424
0.0782489
0.0860738
0.0938986
0.101724
0.109548
0.117373
0.125198
0.133023
0.140848
0.148673
0.156498
0.164323
0.172148
0.179972
0.187797
0.195622
0.203447
0.211272
0.219097
0.226922
0.234747
0.242572
0.250396
0.258221
0.266046
0.273871
0.281696
0.289521
0.297346
0.305171
0.312995
0.320821
0.328645
0.33647
0.344295
0.35212
0.359945
0.36777
0.375595
0.38342
0.391244
0.399069
0.406894
0.414719
0.422544
0.430369
0.438194
0.446019
0.453843
0.461669
0.469493
0.477318
0.485143
0.492968
0.500793
0.508618
0.516443
0.524268
0.532092
0.539917
0.547742
0.555568
0.563392
0.571217
0.579042
0.586867
0.594691
0.602517
0.610341
0.618166
0.625991
0.633816
0.641641
0.649466
0.65729
0.665116
0.67294
0.680765
0.68859
0.696415
0.704239
0.712065
0.719889
0.727715
0.735539
0.743365
0.751189
0.759015
0.766838
0.774664
0.782489
0.790314
0.798138
0.805964
0.813788
0.821614
0.829437
0.837264
0.845087
0.852914
0.860737
0.868564
0.876386
0.884213
0.892035
0.899864
0.907685
0.915515
0.923333
0.931166
0.938982
0.946818
0.954628
0.962474
0.970267
0.978143
0.985871
0.993946
1
0.993946
0.985871
0.978143
0.970267
0.962474
0.954628
0.946817
0.938982
0.931166
0.923333
0.915515
0.907685
0.899864
0.892035
0.884213
0.876386
0.868564
0.860737
0.852914
0.845087
0.837264
0.829437
0.821614
0.813788
0.805964
0.798138
0.790314
0.782489
0.774664
0.766838
0.759015
0.751189
0.743365
0.735539
0.727715
0.719889
0.712065
0.704239
0.696415
0.68859
0.680765
0.67294
0.665116
0.657291
0.649466
0.641641
0.633816
0.625991
0.618166
0.610341
0.602517
0.594691
0.586867
0.579042
0.571217
0.563392
0.555568
0.547742
0.539917
0.532092
0.524267
0.516442
0.508618
0.500793
0.492968
0.485143
0.477318
0.469494
0.461668
0.453843
0.446019
0.438194
0.430369
0.422544
0.414719
0.406894
0.399069
0.391244
0.383419
0.375594
0.36777
0.359945
0.35212
0.344295
0.33647
0.328645
0.320821
0.312995
0.30517
0.297346
0.289521
0.281696
0.273871
0.266046
0.258221
0.250396
0.242571
0.234747
0.226922
0.219097
0.211272
0.203447
0.195622
0.187797
0.179972
0.172147
0.164323
0.156498
0.148673
0.140848
0.133023
0.125198
0.117373
0.109548
0.101723
0.0938985
0.0860736
0.0782488
0.070424
0.0625991
0.0547742
0.0469493
0.0391243
0.0312993
0.0234746
0.0156498
0.00782484
-5.39735e-08
-0.00782496
-0.0156499
-0.0234748
-0.0312995
-0.0391245
-0.0469494
-0.0547743
-0.0625992
-0.0704241
-0.078249
-0.0860737
-0.0938986
-0.101724
-0.109549
-0.117373
-0.125198
-0.133023
-0.140848
-0.148673
-0.156498
-0.164323
-0.172148
-0.179973
-0.187798
-0.195622
-0.203447
-0.211272
-0.219097
-0.226922
-0.234747
-0.242572
-0.250396
-0.258221
-0.266046
-0.273871
-0.281696
-0.289521
-0.297346
-0.305171
-0.312995
-0.320821
-0.328645
-0.33647
-0.344295
-0.35212
-0.359945
-0.36777
-0.375595
-0.38342
-0.391245
-0.399069
-0.406894
-0.414719
-0.422544
-0.430369
-0.438194
-0.446019
-0.453843
-0.461668
-0.469493
-0.477318
-0.485143
-0.492968
-0.500793
-0.508618
-0.516442
-0.524268
-0.532092
-0.539917
-0.547742
-0.555568
-0.563392
-0.571217
-0.579042
-0.586867
-0.594692
-0.602517
-0.610341
-0.618166
-0.625991
-0.633816
-0.641641
-0.649466
-0.65729
-0.665116
-0.67294
-0.680765
-0.68859
-0.696415
-0.70424
-0.712065
-0.719889
-0.727715
-0.735539
-0.743365
-0.751189
-0.759015
-0.766838
-0.774664
-0.782488
-0.790314
-0.798138
-0.805964
-0.813788
-0.821614
-0.829437
-0.837264
-0.845087
-0.852914
-0.860737
-0.868564
-0.876386
-0.884213
-0.892036
-0.899864
-0.907685
-0.915515
-0.923333
-0.931166
-0.938982
-0.946818
-0.954628
-0.962474
-0.970267
-0.978143
-0.985871
-0.993946
-1
-0.993946
-0.985871
-0.978143
-0.970267
-0.962474
-0.954628
-0.946818
-0.938982
-0.931166
-0.923333
-0.915515
-0.907685
-0.899864
-0.892035
-0.884213
-0.876386
-0.868564
-0.860737
-0.852913
-0.845087
-0.837264
-0.829437
-0.821614
-0.813788
-0.805964
-0.798138
-0.790314
-0.782488
-0.774664
-0.766838
-0.759014
-0.751189
-0.743365
-0.735539
-0.727715
-0.719889
-0.712065
-0.704239
-0.696415
-0.68859
-0.680765
-0.67294
-0.665116
-0.65729
-0.649466
-0.641641
-0.633816
-0.625991
-0.618166
-0.610341
-0.602516
-0.594692
-0.586867
-0.579042
-0.571217
-0.563392
-0.555567
-0.547742
-0.539917
-0.532092
-0.524267
-0.516442
-0.508618
-0.500793
-0.492968
-0.485143
-0.477318
-0.469494
-0.461669
-0.453843
-0.446019
-0.438194
-0.430369
-0.422544
-0.414719
-0.406894
-0.399069
-0.391244
-0.383419
-0.375595
-0.36777
-0.359945
-0.35212
-0.344295
-0.33647
-0.328645
-0.320821
-0.312995
-0.305171
-0.297346
-0.289521
-0.281696
-0.273871
-0.266046
-0.258221
-0.250396
-0.242571
-0.234747
-0.226922
-0.219097
-0.211272
-0.203447
-0.195622
-0.187797
-0.179972
-0.172147
-0.164322
-0.156498
-0.148673
-0.140848
-0.133023
-0.125198
-0.117373
-0.109548
-0.101723
-0.0938985
-0.0860737
-0.0782487
-0.0704236
-0.0625987
-0.0547738
-0.0469493
-0.0391244
-0.0312995
-0.0234746
-0.0156497
-0.00782479
