0
0.00850424
0.0170008
0.025482
0.0339402
0.0423678
0.0507573
0.0591011
0.0673918
0.0756222
0.0837849
0.0918729
0.0998791
0.107797
0.115619
0.12334
0.130952
0.13845
0.145827
0.153078
0.160198
0.16718
0.17402
0.180712
0.187253
0.193637
0.19986
0.20592
0.211811
0.217531
0.223077
0.228445
0.233634
0.238642
0.243466
0.248105
0.252558
0.256825
0.260903
0.264794
0.268497
0.272013
0.275343
0.278487
0.281447
0.284225
0.286822
0.289242
0.291486
0.293558
0.295462
0.2972
0.298776
0.300196
0.301462
0.302581
0.303557
0.304395
0.305101
0.305681
0.306141
0.306487
0.306725
0.306863
0.306908
0.306866
0.306744
0.306552
0.306295
0.305982
0.305621
0.30522
0.304787
0.304331
0.303859
0.303381
0.302905
0.302439
0.301992
0.301573
0.30119
0.300852
0.300568
0.300346
0.300195
0.300123
0.300138
0.30025
0.300465
0.300793
0.301241
0.301817
0.302528
0.303383
0.304388
0.30555
0.306877
0.308375
0.31005
0.311909
0.313957
0.3162
0.318644
0.321293
0.324153
0.327227
0.33052
0.334036
0.337778
0.341749
0.345952
0.350389
0.355062
0.359973
0.365124
0.370514
0.376144
0.382015
0.388126
0.394476
0.401064
0.407889
0.414948
0.422239
0.42976
0.437506
0.445475
0.453661
0.462062
0.470671
0.479483
0.488493
0.497695
0.507081
0.516646
0.526382
0.53628
0.546334
0.556534
0.566872
0.577338
0.587924
0.59862
0.609414
0.620297
0.631259
0.642287
0.653371
0.6645
0.67566
0.686841
0.69803
0.709214
0.720382
0.731519
0.742613
0.75365
0.764618
0.775502
0.78629
0.796967
0.80752
0.817936
0.828199
0.838296
0.848214
0.857938
0.867455
0.876751
0.885811
0.894624
0.903174
0.911448
0.919433
0.927116
0.934484
0.941524
0.948223
0.954569
0.96055
0.966153
0.971367
0.976181
0.980583
0.984562
0.988109
0.991212
0.993862
0.99605
0.997766
0.999002
0.999749
1
0.999747
0.998983
0.997701
0.995896
0.993561
0.990692
0.987283
0.983332
0.978833
0.973784
0.968181
0.962024
0.95531
0.948039
0.940209
0.93182
0.922873
0.91337
0.903311
0.8927
0.881537
0.869828
0.857575
0.844782
0.831456
0.8176
0.803222
0.788326
0.772921
0.757014
0.740612
0.723725
0.706361
0.688529
0.67024
0.651504
0.632332
0.612735
0.592725
0.572314
0.551515
0.53034
0.508804
0.486919
0.4647
0.442162
0.41932
0.396187
0.37278
0.349115
0.325207
0.301073
0.276729
0.252193
0.22748
0.202607
0.177593
0.152455
0.127209
0.101875
0.0764691
0.0510093
0.0255135
-1.26694e-07
-0.0255138
-0.0510095
-0.0764694
-0.101875
-0.12721
-0.152455
-0.177594
-0.202608
-0.22748
-0.252193
-0.276729
-0.301073
-0.325207
-0.349115
-0.37278
-0.396187
-0.41932
-0.442162
-0.464701
-0.486919
-0.508804
-0.530341
-0.551515
-0.572314
-0.592725
-0.612735
-0.632332
-0.651504
-0.67024
-0.688529
-0.706361
-0.723725
-0.740612
-0.757014
-0.772921
-0.788326
-0.803222
-0.8176
-0.831456
-0.844782
-0.857575
-0.869828
-0.881537
-0.8927
-0.903311
-0.91337
-0.922874
-0.93182
-0.940209
-0.948039
-0.955311
-0.962024
-0.968182
-0.973784
-0.978833
-0.983332
-0.987283
-0.990692
-0.993561
-0.995896
-0.997701
-0.998983
-0.999747
-1
-0.999749
-0.999002
-0.997766
-0.99605
-0.993862
-0.991212
-0.988109
-0.984562
-0.980583
-0.976181
-0.971367
-0.966153
-0.96055
-0.954569
-0.948223
-0.941524
-0.934484
-0.927116
-0.919433
-0.911448
-0.903173
-0.894623
-0.885811
-0.876751
-0.867455
-0.857938
-0.848214
-0.838296
-0.828199
-0.817935
-0.80752
-0.796967
-0.78629
-0.775502
-0.764618
-0.75365
-0.742613
-0.731519
-0.720382
-0.709214
-0.69803
-0.686841
-0.67566
-0.664499
-0.653371
-0.642287
-0.631259
-0.620297
-0.609414
-0.598619
-0.587924
-0.577338
-0.566872
-0.556534
-0.546334
-0.53628
-0.526381
-0.516646
-0.507081
-0.497694
-0.488493
-0.479483
-0.470671
-0.462062
-0.453661
-0.445475
-0.437506
-0.42976
-0.422239
-0.414948
-0.407889
-0.401064
-0.394476
-0.388126
-0.382015
-0.376144
-0.370514
-0.365124
-0.359973
-0.355062
-0.350389
-0.345952
-0.341749
-0.337778
-0.334036
-0.33052
-0.327227
-0.324153
-0.321293
-0.318644
-0.3162
-0.313957
-0.311909
-0.31005
-0.308375
-0.306877
-0.30555
-0.304388
-0.303383
-0.302528
-0.301817
-0.301241
-0.300793
-0.300465
-0.30025
-0.300138
-0.300123
-0.300195
-0.300346
-0.300568
-0.300852
-0.30119
-0.301573
-0.301992
-0.302439
-0.302905
-0.303381
-0.303859
-0.304331
-0.304787
-0.30522
-0.305621
-0.305982
-0.306295
-0.306552
-0.306744
-0.306866
-0.306908
-0.306863
-0.306725
-0.306486
-0.306141
-0.305681
-0.305101
-0.304395
-0.303557
-0.302581
-0.301462
-0.300196
-0.298776
-0.2972
-0.295462
-0.293558
-0.291486
-0.289242
-0.286822
-0.284225
-0.281447
-0.278487
-0.275343
-0.272013
-0.268497
-0.264794
-0.260903
-0.256824
-0.252558
-0.248105
-0.243466
-0.238642
-0.233634
-0.228445
-0.223077
-0.217531
-0.211811
-0.20592
-0.19986
-0.193637
-0.187253
-0.180712
-0.17402
-0.16718
-0.160198
-0.153078
-0.145827
-0.13845
-0.130952
-0.12334
-0.115619
-0.107797
-0.099879
-0.0918727
-0.0837847
-0.0756224
-0.067392
-0.0591012
-0.0507574
-0.0423679
-0.0339403
-0.0254821
-0.0170008
-0.00850426
