-7.21828e-08
0.00742547
0.0148197
0.0221517
0.029391
0.0365077
0.0434732
0.05026
0.0568422
0.0631955
0.0692974
0.0751277
0.0806684
0.0859037
0.0908206
0.0954087
0.0996602
0.10357
0.107137
0.11036
0.113245
0.115797
0.118025
0.119943
0.121563
0.122905
0.123986
0.124829
0.125457
0.125897
0.126174
0.126319
0.126361
0.12633
0.126257
0.126176
0.126118
0.126114
0.126196
0.126396
0.126743
0.127265
0.127992
0.128948
0.130157
0.131642
0.133422
0.135515
0.137935
0.140695
0.143804
0.147269
0.151092
0.155275
0.159815
0.164706
0.169941
0.175507
0.181391
0.187575
0.194041
0.200767
0.207727
0.214897
0.222247
0.229748
0.237369
0.245077
0.25284
0.260622
0.268391
0.276111
0.283749
0.29127
0.298642
0.305834
0.312815
0.319555
0.326028
0.332209
0.338074
0.343605
0.348783
0.353593
0.358024
0.362067
0.365716
0.36897
0.371829
0.374298
0.376383
0.378098
0.379454
0.38047
0.381166
0.381564
0.381691
0.381574
0.381244
0.380733
0.380076
0.379308
0.378467
0.37759
0.376715
0.375882
0.37513
0.374497
0.37402
0.373738
0.373686
0.373897
0.374405
0.37524
0.376428
0.377996
0.379965
0.382354
0.385179
0.388453
0.392184
0.396377
0.401033
0.40615
0.41172
0.417734
0.424177
0.431032
0.438276
0.445884
0.453829
0.462078
0.470596
0.479348
0.488292
0.497387
0.506589
0.515854
0.525134
0.534384
0.543556
0.552602
0.561474
0.570128
0.578518
0.586599
0.594331
0.601673
0.60859
0.615047
0.621013
0.626461
0.631369
0.635717
0.63949
0.642678
0.645275
0.647282
0.648701
0.649541
0.649818
0.649548
0.648757
0.647473
0.645728
0.643561
0.641013
0.63813
0.63496
0.631558
0.627978
0.624279
0.620522
0.616769
0.613083
0.60953
0.606174
0.60308
0.600313
0.597935
0.596007
0.59459
0.593739
0.593507
0.593945
0.595097
0.597005
0.599704
0.603225
0.607592
0.612824
0.618932
0.625922
0.633792
0.642533
0.652129
0.662557
0.673786
0.685776
0.698484
0.711857
0.725833
0.740348
0.755326
0.77069
0.786352
0.802223
0.818205
0.834198
0.850096
0.865791
0.881171
0.896121
0.910526
0.924269
0.937231
0.949295
0.960345
0.970266
0.978944
0.98627
0.992138
0.996446
0.999097
1
0.99907
0.996228
0.991404
0.984534
0.975564
0.964448
0.951149
0.935638
0.917899
0.897923
0.875712
0.85128
0.824648
0.795849
0.764927
0.731934
0.696934
0.66
0.621213
0.580664
0.538454
0.494689
0.449486
0.402966
0.35526
0.306502
0.256832
0.206396
0.155342
0.103822
0.0519889
-4.37232e-07
-0.0519898
-0.103823
-0.155343
-0.206397
-0.256833
-0.306503
-0.355261
-0.402967
-0.449487
-0.49469
-0.538454
-0.580665
-0.621214
-0.660001
-0.696935
-0.731935
-0.764928
-0.795849
-0.824648
-0.85128
-0.875713
-0.897923
-0.917899
-0.935638
-0.951149
-0.964448
-0.975565
-0.984535
-0.991404
-0.996228
-0.99907
-1
-0.999097
-0.996446
-0.992138
-0.98627
-0.978944
-0.970266
-0.960345
-0.949295
-0.937231
-0.924269
-0.910526
-0.896121
-0.88117
-0.865791
-0.850096
-0.834197
-0.818205
-0.802222
-0.786352
-0.77069
-0.755326
-0.740348
-0.725833
-0.711857
-0.698484
-0.685776
-0.673785
-0.662557
-0.652129
-0.642533
-0.633792
-0.625922
-0.618932
-0.612824
-0.607593
-0.603225
-0.599705
-0.597005
-0.595097
-0.593945
-0.593507
-0.593739
-0.59459
-0.596007
-0.597935
-0.600313
-0.603081
-0.606174
-0.60953
-0.613083
-0.616769
-0.620522
-0.624279
-0.627978
-0.631558
-0.634961
-0.63813
-0.641013
-0.643562
-0.645729
-0.647473
-0.648757
-0.649548
-0.649817
-0.649541
-0.648701
-0.647282
-0.645275
-0.642678
-0.63949
-0.635717
-0.631369
-0.626461
-0.621013
-0.615047
-0.60859
-0.601673
-0.594331
-0.586599
-0.578518
-0.570128
-0.561474
-0.552602
-0.543556
-0.534384
-0.525134
-0.515854
-0.506589
-0.497387
-0.488292
-0.479348
-0.470597
-0.462078
-0.453829
-0.445885
-0.438276
-0.431032
-0.424178
-0.417734
-0.41172
-0.40615
-0.401033
-0.396377
-0.392184
-0.388453
-0.385179
-0.382354
-0.379965
-0.377996
-0.376428
-0.37524
-0.374406
-0.373898
-0.373686
-0.373738
-0.374021
-0.374497
-0.37513
-0.375882
-0.376715
-0.37759
-0.378467
-0.379309
-0.380076
-0.380733
-0.381244
-0.381574
-0.381691
-0.381564
-0.381166
-0.38047
-0.379454
-0.378098
-0.376383
-0.374298
-0.371829
-0.36897
-0.365716
-0.362066
-0.358023
-0.353593
-0.348782
-0.343605
-0.338074
-0.332208
-0.326028
-0.319554
-0.312814
-0.305834
-0.298642
-0.29127
-0.283749
-0.276111
-0.268391
-0.260622
-0.25284
-0.245077
-0.237369
-0.229748
-0.222247
-0.214896
-0.207727
-0.200767
-0.194041
-0.187575
-0.181391
-0.175507
-0.169941
-0.164706
-0.159815
-0.155275
-0.151092
-0.147269
-0.143804
-0.140695
-0.137936
-0.135515
-0.133423
-0.131643
-0.130158
-0.128949
-0.127993
-0.127266
-0.126743
-0.126396
-0.126196
-0.126114
-0.126118
-0.126176
-0.126258
-0.12633
-0.126361
-0.126319
-0.126175
-0.125897
-0.125457
-0.124829
-0.123986
-0.122905
-0.121564
-0.119943
-0.118026
-0.115797
-0.113245
-0.11036
-0.107137
-0.10357
-0.0996603
-0.0954087
-0.0908206
-0.0859037
-0.0806683
-0.0751276
-0.0692973
-0.0631954
-0.0568423
-0.0502601
-0.043473
-0.0365077
-0.0293909
-0.0221517
-0.0148196
-0.00742535
