-6.80131e-08
0.00698041
0.0138355
0.0204443
0.0266947
0.0324876
0.0377402
0.0423891
0.0463927
0.0497324
0.0524137
0.0544655
0.0559397
0.0569088
0.0574637
0.0577099
0.0577647
0.057752
0.0577984
0.0580286
0.0585607
0.0595023
0.0609463
0.0629676
0.0656207
0.0689372
0.072925
0.0775679
0.0828259
0.088637
0.094919
0.101573
0.108485
0.115534
0.122591
0.129529
0.136222
0.142556
0.148426
0.153747
0.15845
0.162491
0.165848
0.168523
0.170545
0.171965
0.172855
0.173309
0.173433
0.173351
0.173188
0.173079
0.173152
0.173534
0.174337
0.175661
0.177587
0.180173
0.183457
0.187449
0.192135
0.197475
0.203405
0.209842
0.21668
0.223803
0.23108
0.238376
0.245553
0.252479
0.259028
0.265088
0.270564
0.27538
0.279486
0.282855
0.285488
0.287411
0.288677
0.289364
0.289567
0.289405
0.289006
0.28851
0.288062
0.287804
0.287873
0.288396
0.289484
0.291228
0.293696
0.296932
0.300951
0.305741
0.31126
0.317441
0.324193
0.331403
0.338941
0.346662
0.354416
0.36205
0.369413
0.376361
0.382768
0.388522
0.393537
0.39775
0.401128
0.403668
0.405396
0.406369
0.40667
0.406409
0.405716
0.404739
0.403637
0.402575
0.401719
0.401229
0.401254
0.401925
0.403353
0.40562
0.408782
0.412861
0.417847
0.423697
0.430337
0.437661
0.445541
0.453823
0.462341
0.470915
0.479362
0.4875
0.495157
0.502177
0.508422
0.513783
0.518178
0.521563
0.523927
0.525295
0.525732
0.525333
0.524229
0.522574
0.52055
0.518348
0.516175
0.514237
0.512735
0.511859
0.511777
0.512633
0.51454
0.517575
0.521773
0.527131
0.533602
0.541098
0.549494
0.558628
0.568309
0.578324
0.588441
0.598422
0.608029
0.617031
0.625215
0.632394
0.638412
0.643152
0.646541
0.648553
0.64921
0.648585
0.646798
0.644016
0.640442
0.636315
0.631901
0.62748
0.623342
0.619772
0.617044
0.615409
0.615083
0.616243
0.619017
0.623478
0.62964
0.637455
0.646818
0.65756
0.669461
0.682249
0.695615
0.709214
0.722686
0.73566
0.747772
0.758674
0.76805
0.775628
0.78119
0.784579
0.785714
0.784591
0.781283
0.77595
0.768827
0.760226
0.750525
0.74016
0.729609
0.719383
0.710006
0.701997
0.695858
0.692048
0.690971
0.692958
0.698251
0.70699
0.719204
0.7348
0.753563
0.77515
0.799096
0.82482
0.851632
0.878747
0.905304
0.930381
0.95302
0.972247
0.987097
0.996639
1
0.996391
0.985127
0.965646
0.937531
0.90052
0.85452
0.799609
0.736047
0.664264
0.584862
0.4986
0.406384
0.309242
0.20831
0.104805
-8.575e-07
-0.104806
-0.208311
-0.309243
-0.406385
-0.498602
-0.584863
-0.664265
-0.736048
-0.79961
-0.85452
-0.900521
-0.937531
-0.965646
-0.985127
-0.996391
-1
-0.996639
-0.987096
-0.972247
-0.95302
-0.930381
-0.905303
-0.878746
-0.851631
-0.824819
-0.799096
-0.775149
-0.753562
-0.7348
-0.719203
-0.70699
-0.698251
-0.692958
-0.690971
-0.692048
-0.695858
-0.701998
-0.710006
-0.719383
-0.729609
-0.74016
-0.750526
-0.760227
-0.768828
-0.77595
-0.781284
-0.784591
-0.785715
-0.784579
-0.78119
-0.775629
-0.76805
-0.758674
-0.747772
-0.735661
-0.722686
-0.709214
-0.695615
-0.682249
-0.669461
-0.65756
-0.646818
-0.637455
-0.62964
-0.623478
-0.619017
-0.616244
-0.615083
-0.615409
-0.617044
-0.619772
-0.623342
-0.62748
-0.631901
-0.636316
-0.640442
-0.644016
-0.646799
-0.648585
-0.64921
-0.648553
-0.646541
-0.643152
-0.638413
-0.632395
-0.625216
-0.617031
-0.608029
-0.598422
-0.588441
-0.578324
-0.56831
-0.558628
-0.549494
-0.541098
-0.533602
-0.527131
-0.521773
-0.517575
-0.514541
-0.512633
-0.511777
-0.511859
-0.512735
-0.514237
-0.516176
-0.518349
-0.52055
-0.522575
-0.524229
-0.525333
-0.525732
-0.525295
-0.523927
-0.521563
-0.518178
-0.513782
-0.508422
-0.502177
-0.495158
-0.4875
-0.479362
-0.470915
-0.462341
-0.453823
-0.44554
-0.437661
-0.430336
-0.423697
-0.417847
-0.412861
-0.408782
-0.405621
-0.403353
-0.401926
-0.401254
-0.401229
-0.401719
-0.402575
-0.403637
-0.404739
-0.405717
-0.40641
-0.406671
-0.40637
-0.405397
-0.403669
-0.401129
-0.39775
-0.393537
-0.388522
-0.382768
-0.376361
-0.369413
-0.36205
-0.354417
-0.346662
-0.338941
-0.331403
-0.324193
-0.317441
-0.311259
-0.30574
-0.300951
-0.296931
-0.293695
-0.291227
-0.289483
-0.288396
-0.287872
-0.287803
-0.288062
-0.28851
-0.289006
-0.289405
-0.289567
-0.289363
-0.288677
-0.287411
-0.285488
-0.282855
-0.279486
-0.27538
-0.270564
-0.265089
-0.259029
-0.25248
-0.245554
-0.238376
-0.23108
-0.223803
-0.216681
-0.209842
-0.203406
-0.197475
-0.192135
-0.187449
-0.183457
-0.180173
-0.177586
-0.175661
-0.174337
-0.173534
-0.173153
-0.173079
-0.173188
-0.17335
-0.173433
-0.173309
-0.172855
-0.171965
-0.170546
-0.168524
-0.165848
-0.162492
-0.15845
-0.153747
-0.148426
-0.142556
-0.136222
-0.129528
-0.122591
-0.115534
-0.108486
-0.101573
-0.094919
-0.0886372
-0.0828258
-0.0775687
-0.0729257
-0.0689379
-0.065621
-0.0629683
-0.0609467
-0.059503
-0.0585609
-0.0580288
-0.0577984
-0.0577518
-0.0577648
-0.0577099
-0.0574637
-0.0569087
-0.0559397
-0.0544654
-0.0524137
-0.0497323
-0.0463929
-0.0423892
-0.0377402
-0.0324873
-0.0266947
-0.0204438
-0.0138355
-0.00697985
