0
0.00672376
0.0129577
0.0182841
0.0224193
0.0252549
0.0268744
0.0275406
0.0276571
0.0277089
0.0281904
0.0295336
0.0320431
0.0358521
0.0409019
0.0469509
0.0536098
0.0603985
0.0668177
0.0724216
0.0768843
0.0800477
0.0819454
0.0827977
0.0829797
0.0829659
0.0832607
0.0843239
0.0865028
0.0899807
0.0947493
0.10061
0.107203
0.114058
0.120666
0.126554
0.131352
0.134852
0.137035
0.138078
0.138328
0.138246
0.138348
0.139123
0.14096
0.144094
0.148572
0.154237
0.160761
0.167685
0.174491
0.180675
0.185823
0.189674
0.192157
0.193401
0.19372
0.193568
0.193467
0.193937
0.195413
0.198186
0.202354
0.207813
0.214264
0.221261
0.228277
0.234776
0.240298
0.244524
0.247327
0.248785
0.249181
0.248952
0.248633
0.248775
0.249862
0.252243
0.256079
0.261313
0.267685
0.274762
0.282006
0.288848
0.294778
0.299414
0.302566
0.30426
0.304739
0.304426
0.303868
0.303647
0.304305
0.306254
0.30972
0.314707
0.320991
0.328156
0.335654
0.34288
0.349264
0.35436
0.357904
0.359862
0.360433
0.360027
0.359197
0.358568
0.35874
0.360198
0.363246
0.367949
0.374133
0.3814
0.389189
0.396853
0.403761
0.409384
0.41338
0.415642
0.416322
0.415806
0.414662
0.413558
0.413163
0.414049
0.416606
0.420978
0.427045
0.434431
0.442562
0.450746
0.458273
0.464522
0.469055
0.47168
0.472489
0.471842
0.470321
0.468645
0.467567
0.467761
0.469724
0.473694
0.479618
0.48715
0.4957
0.50452
0.512808
0.51983
0.525026
0.528102
0.52907
0.52826
0.526267
0.523875
0.521939
0.521263
0.522474
0.525936
0.531678
0.539395
0.548482
0.558118
0.567385
0.575403
0.581459
0.58512
0.586298
0.585273
0.582661
0.579325
0.576255
0.574422
0.574633
0.577413
0.582912
0.590879
0.600693
0.611439
0.622043
0.631427
0.638667
0.643136
0.644604
0.643281
0.6398
0.635133
0.630454
0.626973
0.625753
0.627552
0.632699
0.641031
0.651909
0.66429
0.676876
0.688297
0.697314
0.703004
0.704912
0.70313
0.698309
0.691574
0.684377
0.678297
0.674801
0.675028
0.679605
0.688534
0.701163
0.716261
0.732172
0.747046
0.759104
0.766906
0.769582
0.766988
0.759764
0.749276
0.737454
0.726533
0.718738
0.715955
0.719428
0.729539
0.745695
0.766357
0.789202
0.811415
0.830069
0.84255
0.846963
0.842473
0.829509
0.809816
0.786315
0.76279
0.74343
0.732259
0.732549
0.746263
0.773623
0.812848
0.860121
0.909799
0.954853
0.987506
1
0.985421
0.938475
0.85614
0.738109
0.586971
0.408102
0.209271
-1.53138e-06
-0.209274
-0.408105
-0.586973
-0.738111
-0.856141
-0.938476
-0.985421
-1
-0.987505
-0.954852
-0.909798
-0.86012
-0.812847
-0.773622
-0.746263
-0.732549
-0.732259
-0.74343
-0.76279
-0.786314
-0.809816
-0.829509
-0.842473
-0.846963
-0.84255
-0.830069
-0.811414
-0.789201
-0.766357
-0.745695
-0.729539
-0.719428
-0.715955
-0.718738
-0.726533
-0.737454
-0.749276
-0.759764
-0.766989
-0.769582
-0.766906
-0.759104
-0.747046
-0.732172
-0.716261
-0.701163
-0.688534
-0.679605
-0.675028
-0.674801
-0.678297
-0.684378
-0.691574
-0.698309
-0.703131
-0.704912
-0.703005
-0.697314
-0.688297
-0.676875
-0.664289
-0.651908
-0.641031
-0.632698
-0.627552
-0.625753
-0.626973
-0.630454
-0.635133
-0.6398
-0.643281
-0.644604
-0.643137
-0.638668
-0.631428
-0.622043
-0.611439
-0.600693
-0.59088
-0.582912
-0.577413
-0.574633
-0.574421
-0.576255
-0.579325
-0.582661
-0.585273
-0.586297
-0.58512
-0.58146
-0.575403
-0.567386
-0.558119
-0.548483
-0.539396
-0.531678
-0.525936
-0.522475
-0.521263
-0.52194
-0.523875
-0.526267
-0.52826
-0.52907
-0.528101
-0.525025
-0.519829
-0.512808
-0.50452
-0.4957
-0.48715
-0.479618
-0.473694
-0.469724
-0.467762
-0.467567
-0.468645
-0.470321
-0.471842
-0.472489
-0.471681
-0.469055
-0.464522
-0.458273
-0.450745
-0.442561
-0.434431
-0.427045
-0.420978
-0.416605
-0.414049
-0.413163
-0.413558
-0.414662
-0.415806
-0.416322
-0.415642
-0.413379
-0.409384
-0.403761
-0.396853
-0.389189
-0.381401
-0.374134
-0.36795
-0.363246
-0.360199
-0.358741
-0.358569
-0.359198
-0.360027
-0.360433
-0.359862
-0.357904
-0.35436
-0.349265
-0.342879
-0.335654
-0.328156
-0.32099
-0.314706
-0.30972
-0.306253
-0.304304
-0.303647
-0.303867
-0.304426
-0.304738
-0.30426
-0.302566
-0.299413
-0.294777
-0.288847
-0.282005
-0.274762
-0.267684
-0.261312
-0.256078
-0.252243
-0.249862
-0.248775
-0.248634
-0.248953
-0.249181
-0.248786
-0.247327
-0.244525
-0.240298
-0.234777
-0.228277
-0.221262
-0.214264
-0.207813
-0.202354
-0.198185
-0.195413
-0.193936
-0.193467
-0.193568
-0.19372
-0.193401
-0.192156
-0.189674
-0.185824
-0.180675
-0.17449
-0.167685
-0.160761
-0.154238
-0.148572
-0.144094
-0.14096
-0.139123
-0.138349
-0.138247
-0.138328
-0.138078
-0.137035
-0.134852
-0.131352
-0.126554
-0.120666
-0.114058
-0.107203
-0.10061
-0.0947484
-0.0899802
-0.0865024
-0.0843242
-0.0832606
-0.0829661
-0.0829799
-0.0827983
-0.0819454
-0.0800486
-0.0768847
-0.0724219
-0.0668174
-0.0603986
-0.0536099
-0.0469513
-0.0409016
-0.0358514
-0.0320429
-0.0295328
-0.0281896
-0.0277083
-0.0276572
-0.0275406
-0.0268744
-0.0252543
-0.0224192
-0.0182838
-0.0129569
-0.0067235
