-6.52369e-08
0.00638601
0.0110244
0.0131759
0.0135363
0.0138352
0.0158383
0.0203283
0.0266528
0.0331004
0.0378875
0.0401876
0.0406096
0.0408469
0.042701
0.0470419
0.0533047
0.0598142
0.0647506
0.0672005
0.0676844
0.0678596
0.0695635
0.073754
0.0799546
0.0865265
0.091614
0.0942151
0.0947619
0.0948741
0.0964259
0.100464
0.106601
0.113237
0.118478
0.121232
0.121843
0.121891
0.123288
0.127171
0.133244
0.139944
0.145341
0.148253
0.148929
0.148912
0.15015
0.153874
0.159881
0.166647
0.172205
0.175278
0.176021
0.175936
0.177012
0.180572
0.186511
0.193345
0.199069
0.202309
0.203121
0.202967
0.203873
0.207264
0.213132
0.220038
0.225934
0.229346
0.23023
0.230003
0.230735
0.233949
0.239744
0.246724
0.252798
0.256391
0.257349
0.257047
0.257596
0.260626
0.266344
0.273401
0.279664
0.283445
0.284482
0.284101
0.284456
0.287293
0.29293
0.300068
0.306529
0.31051
0.31163
0.311165
0.311316
0.313947
0.319499
0.326724
0.333395
0.337588
0.338797
0.338242
0.338176
0.340587
0.346047
0.353365
0.360261
0.364681
0.365985
0.365334
0.365035
0.367211
0.372573
0.37999
0.387129
0.391793
0.393199
0.392445
0.391893
0.393814
0.399069
0.406595
0.413997
0.418927
0.420445
0.419577
0.41875
0.420393
0.425532
0.433176
0.440866
0.446088
0.447728
0.446736
0.445606
0.446943
0.451953
0.459727
0.467736
0.473281
0.475056
0.473927
0.472461
0.473457
0.478324
0.486244
0.494609
0.500514
0.50244
0.501157
0.499313
0.499926
0.504632
0.512716
0.521484
0.527797
0.529895
0.528436
0.526162
0.526339
0.530862
0.539133
0.548361
0.555143
0.557438
0.555777
0.553009
0.55268
0.556992
0.565481
0.575244
0.582572
0.585096
0.583199
0.579849
0.578929
0.58299
0.591736
0.602132
0.610106
0.612904
0.610725
0.606682
0.605052
0.608813
0.61787
0.62903
0.637787
0.640916
0.638395
0.633504
0.631005
0.634397
0.643836
0.655943
0.665672
0.669214
0.666263
0.660307
0.656711
0.659636
0.669563
0.682879
0.693855
0.697929
0.694421
0.687079
0.682049
0.684361
0.694932
0.709855
0.7225
0.72729
0.723028
0.713796
0.706799
0.708264
0.719733
0.736912
0.751914
0.757721
0.752372
0.740398
0.730519
0.730735
0.743548
0.764139
0.782749
0.790132
0.783071
0.766727
0.752193
0.750361
0.765427
0.791825
0.816688
0.82685
0.81668
0.792222
0.768823
0.762995
0.782643
0.82122
0.85968
0.876109
0.858468
0.813558
0.766467
0.749286
0.783479
0.864316
0.955763
1
0.938948
0.739142
0.408961
-3.25011e-06
-0.408967
-0.739146
-0.93895
-1
-0.955762
-0.864315
-0.783478
-0.749286
-0.766468
-0.813559
-0.858469
-0.876109
-0.85968
-0.821219
-0.782642
-0.762995
-0.768823
-0.792222
-0.81668
-0.82685
-0.816688
-0.791825
-0.765426
-0.750361
-0.752193
-0.766728
-0.783072
-0.790132
-0.78275
-0.764139
-0.743548
-0.730735
-0.730519
-0.740397
-0.752372
-0.757721
-0.751913
-0.736911
-0.719733
-0.708265
-0.706799
-0.713796
-0.723027
-0.72729
-0.7225
-0.709856
-0.694932
-0.684362
-0.68205
-0.68708
-0.694421
-0.697929
-0.693855
-0.682878
-0.669562
-0.659636
-0.656711
-0.660307
-0.666263
-0.669214
-0.665673
-0.655943
-0.643836
-0.634396
-0.631005
-0.633504
-0.638394
-0.640916
-0.637787
-0.62903
-0.61787
-0.608813
-0.605054
-0.606683
-0.610726
-0.612904
-0.610107
-0.602132
-0.591737
-0.58299
-0.578929
-0.57985
-0.583198
-0.585096
-0.582571
-0.575244
-0.56548
-0.556992
-0.55268
-0.553009
-0.555778
-0.557439
-0.555145
-0.548362
-0.539135
-0.530863
-0.526339
-0.526163
-0.528436
-0.529895
-0.527798
-0.521484
-0.512717
-0.504632
-0.499926
-0.499312
-0.501157
-0.50244
-0.500514
-0.494609
-0.486244
-0.478324
-0.473457
-0.472461
-0.473928
-0.475056
-0.473282
-0.467737
-0.459728
-0.451954
-0.446943
-0.445607
-0.446736
-0.447727
-0.446087
-0.440865
-0.433175
-0.425532
-0.420394
-0.418751
-0.419578
-0.420445
-0.418927
-0.413996
-0.406594
-0.399069
-0.393814
-0.391893
-0.392445
-0.3932
-0.391794
-0.387129
-0.37999
-0.372573
-0.367211
-0.365035
-0.365335
-0.365986
-0.364682
-0.360262
-0.353365
-0.346047
-0.340588
-0.338176
-0.338242
-0.338797
-0.337587
-0.333394
-0.326724
-0.319498
-0.313947
-0.311316
-0.311165
-0.31163
-0.310509
-0.306528
-0.300068
-0.292929
-0.287293
-0.284456
-0.2841
-0.284482
-0.283444
-0.279664
-0.2734
-0.266343
-0.260625
-0.257596
-0.257047
-0.257349
-0.256391
-0.2528
-0.246724
-0.239744
-0.23395
-0.230735
-0.230003
-0.23023
-0.229346
-0.225935
-0.220039
-0.213133
-0.207264
-0.203874
-0.202966
-0.203121
-0.202308
-0.19907
-0.193345
-0.186511
-0.180572
-0.177012
-0.175936
-0.176021
-0.175279
-0.172205
-0.166648
-0.159882
-0.153875
-0.150151
-0.148913
-0.148929
-0.148252
-0.14534
-0.139943
-0.133244
-0.127172
-0.123288
-0.121892
-0.121843
-0.121233
-0.118476
-0.113236
-0.106601
-0.100463
-0.0964248
-0.0948737
-0.0947625
-0.0942157
-0.0916139
-0.086527
-0.0799547
-0.0737554
-0.0695635
-0.0678606
-0.0676844
-0.0672007
-0.0647503
-0.0598138
-0.0533048
-0.0470425
-0.0427011
-0.0408467
-0.0406103
-0.0401873
-0.0378869
-0.0330996
-0.0266522
-0.0203278
-0.015839
-0.0138346
-0.0135381
-0.0131761
-0.0110237
-0.00638624
