6.47999e-08
0.0054671
0.00669687
0.00787454
0.0132894
0.0188086
0.0200905
0.021216
0.0265787
0.0321501
0.0334842
0.0345575
0.0398679
0.0454916
0.0468781
0.0478989
0.0531569
0.0588332
0.0602722
0.0612404
0.0664456
0.0721747
0.0736666
0.0745817
0.079734
0.0855162
0.0870614
0.0879233
0.0930221
0.0988578
0.100457
0.101265
0.10631
0.112199
0.113852
0.114606
0.119597
0.125541
0.127248
0.127947
0.132883
0.138882
0.140645
0.141289
0.146169
0.152224
0.154043
0.15463
0.159454
0.165566
0.167441
0.167972
0.172738
0.178907
0.180841
0.181313
0.186021
0.192249
0.194241
0.194654
0.199303
0.205591
0.207642
0.207996
0.212584
0.218932
0.221045
0.221337
0.225864
0.232274
0.234449
0.234678
0.239142
0.245616
0.247854
0.248019
0.25242
0.258958
0.261261
0.261361
0.265695
0.272299
0.274669
0.274702
0.278969
0.285641
0.28808
0.288043
0.29224
0.298983
0.301492
0.301385
0.30551
0.312325
0.314906
0.314726
0.318777
0.325667
0.328324
0.328066
0.332042
0.339009
0.341743
0.341407
0.345304
0.35235
0.355165
0.354749
0.358563
0.365691
0.36859
0.36809
0.37182
0.379035
0.382019
0.38143
0.385072
0.392377
0.395452
0.394771
0.39832
0.405719
0.408888
0.408112
0.411565
0.419061
0.422328
0.421453
0.424805
0.432404
0.435775
0.434793
0.438039
0.445745
0.449225
0.448134
0.451268
0.459088
0.462682
0.461474
0.464491
0.47243
0.476146
0.474815
0.477707
0.485774
0.489617
0.488155
0.490915
0.499117
0.503097
0.501495
0.504114
0.51246
0.516585
0.514835
0.517304
0.525802
0.530083
0.528175
0.530482
0.539146
0.543594
0.541514
0.543648
0.552489
0.557117
0.554853
0.556801
0.565834
0.570656
0.568192
0.569936
0.579177
0.584212
0.58153
0.583054
0.592523
0.597789
0.594868
0.596149
0.605868
0.611387
0.608205
0.60922
0.619214
0.625014
0.621542
0.622261
0.632561
0.638673
0.634878
0.635266
0.64591
0.652371
0.648213
0.64823
0.659258
0.666115
0.661546
0.661142
0.672609
0.679916
0.674876
0.673991
0.685962
0.693787
0.688204
0.686761
0.699319
0.707747
0.701529
0.69943
0.71268
0.721823
0.714849
0.711967
0.726047
0.736048
0.72816
0.724332
0.739424
0.750476
0.74146
0.736457
0.752814
0.765188
0.754742
0.748241
0.766228
0.780317
0.767994
0.759513
0.779683
0.796085
0.781189
0.769968
0.793216
0.812918
0.794272
0.778999
0.80692
0.831718
0.807084
0.785203
0.82108
0.854795
0.819066
0.784464
0.836936
0.890331
0.826917
0.757557
0.866403
1
0.739655
-6.00667e-06
-0.739663
-1
-0.866401
-0.757557
-0.826918
-0.890331
-0.836934
-0.784464
-0.819066
-0.854796
-0.821079
-0.785202
-0.807084
-0.831718
-0.806919
-0.778999
-0.794272
-0.812918
-0.793215
-0.769967
-0.78119
-0.796086
-0.779682
-0.759513
-0.767994
-0.780316
-0.766227
-0.748241
-0.754743
-0.765188
-0.752814
-0.736457
-0.74146
-0.750474
-0.739423
-0.724331
-0.72816
-0.736047
-0.726046
-0.711967
-0.714849
-0.721822
-0.712679
-0.699429
-0.701529
-0.707748
-0.699318
-0.68676
-0.688204
-0.693787
-0.685962
-0.67399
-0.674876
-0.679916
-0.672609
-0.661141
-0.661545
-0.666115
-0.659258
-0.64823
-0.648213
-0.65237
-0.645909
-0.635266
-0.634879
-0.638672
-0.632559
-0.622261
-0.621543
-0.625014
-0.619213
-0.609219
-0.608207
-0.611388
-0.605868
-0.59615
-0.594868
-0.597789
-0.592522
-0.583054
-0.581531
-0.584214
-0.579177
-0.569936
-0.568192
-0.570656
-0.565833
-0.5568
-0.554853
-0.557118
-0.552491
-0.543649
-0.541514
-0.543595
-0.539147
-0.530482
-0.528174
-0.530084
-0.525801
-0.517303
-0.514836
-0.516586
-0.512458
-0.504114
-0.501495
-0.503096
-0.499115
-0.490914
-0.488154
-0.489617
-0.485773
-0.477706
-0.474814
-0.476146
-0.472432
-0.464491
-0.461476
-0.462683
-0.459088
-0.451268
-0.448134
-0.449226
-0.445746
-0.438038
-0.434793
-0.435773
-0.432402
-0.424804
-0.421452
-0.422329
-0.41906
-0.411564
-0.408111
-0.408888
-0.405719
-0.39832
-0.39477
-0.395451
-0.392376
-0.385072
-0.38143
-0.38202
-0.379035
-0.371819
-0.368089
-0.368592
-0.365696
-0.358564
-0.354747
-0.355165
-0.352352
-0.345305
-0.341408
-0.341741
-0.339008
-0.332043
-0.328066
-0.328323
-0.325666
-0.318777
-0.314726
-0.314906
-0.312324
-0.305509
-0.301383
-0.301491
-0.298981
-0.292239
-0.288042
-0.28808
-0.28564
-0.278968
-0.274701
-0.274669
-0.272299
-0.265694
-0.261359
-0.26126
-0.258957
-0.25242
-0.248018
-0.247855
-0.245616
-0.239142
-0.234678
-0.234449
-0.232274
-0.225864
-0.221337
-0.221045
-0.218934
-0.212585
-0.207995
-0.207642
-0.205591
-0.199304
-0.194653
-0.19424
-0.192248
-0.18602
-0.181312
-0.180841
-0.178907
-0.172738
-0.167972
-0.16744
-0.165565
-0.159454
-0.154632
-0.154044
-0.152225
-0.146167
-0.141287
-0.140644
-0.138883
-0.132883
-0.127948
-0.127248
-0.125541
-0.119598
-0.114605
-0.11385
-0.112199
-0.106309
-0.101264
-0.100455
-0.098857
-0.0930211
-0.0879231
-0.0870604
-0.0855166
-0.0797346
-0.0745834
-0.0736655
-0.0721748
-0.0664462
-0.0612411
-0.0602715
-0.0588322
-0.0531568
-0.0478994
-0.0468785
-0.0454908
-0.0398674
-0.0345565
-0.0334839
-0.0321491
-0.0265805
-0.0212157
-0.0200919
-0.0188081
-0.0132912
-0.00787373
-0.00669525
-0.00546773
