0
0.0122715
0.0245412
0.0368072
0.0490677
0.0613208
0.0735645
0.0857973
0.0980172
0.110222
0.122411
0.134581
0.14673
0.158858
0.170962
0.18304
0.19509
0.207111
0.219101
0.231058
0.24298
0.254866
0.266713
0.27852
0.290285
0.302006
0.313682
0.32531
0.33689
0.348419
0.359895
0.371317
0.382683
0.393992
0.405241
0.41643
0.427555
0.438616
0.449612
0.460539
0.471397
0.482184
0.492898
0.503538
0.514103
0.52459
0.534998
0.545325
0.55557
0.565731
0.575808
0.585798
0.595699
0.605511
0.615232
0.624859
0.634393
0.643832
0.653173
0.662416
0.671559
0.680601
0.689541
0.698376
0.707107
0.715731
0.724247
0.732655
0.740951
0.749137
0.757209
0.765167
0.77301
0.780738
0.788346
0.795837
0.803207
0.810456
0.817585
0.824589
0.83147
0.838225
0.844853
0.851356
0.857728
0.863973
0.870087
0.876071
0.881921
0.887639
0.893224
0.898674
0.903989
0.909168
0.91421
0.919113
0.923879
0.928506
0.932992
0.93734
0.941544
0.945607
0.949528
0.953305
0.95694
0.96043
0.963776
0.966976
0.970032
0.972939
0.975701
0.978317
0.980785
0.983105
0.985278
0.987301
0.989177
0.990902
0.99248
0.993908
0.995185
0.996312
0.997291
0.998119
0.998795
0.999322
0.999699
0.999924
1
0.999924
0.999699
0.999322
0.998795
0.998119
0.997291
0.996312
0.995185
0.993908
0.99248
0.990902
0.989177
0.987301
0.985278
0.983105
0.980785
0.978317
0.975701
0.972939
0.970032
0.966976
0.963776
0.96043
0.95694
0.953305
0.949528
0.945607
0.941544
0.93734
0.932992
0.928506
0.923879
0.919113
0.91421
0.909168
0.903989
0.898674
0.893224
0.887639
0.881921
0.876069
0.870087
0.863973
0.857728
0.851356
0.844853
0.838225
0.83147
0.824589
0.817585
0.810456
0.803207
0.795837
0.788346
0.780738
0.77301
0.765167
0.757209
0.749137
0.740951
0.732654
0.724247
0.715731
0.707107
0.698376
0.689541
0.680601
0.671558
0.662416
0.653173
0.643832
0.634393
0.624859
0.615231
0.605511
0.595699
0.585798
0.575808
0.565731
0.55557
0.545325
0.534998
0.52459
0.514103
0.503538
0.492898
0.482183
0.471397
0.460539
0.449612
0.438616
0.427555
0.416429
0.405241
0.393992
0.382683
0.371317
0.359895
0.348419
0.33689
0.32531
0.313682
0.302006
0.290285
0.27852
0.266713
0.254866
0.24298
0.231058
0.219101
0.207111
0.19509
0.18304
0.170962
0.158858
0.14673
0.134581
0.122411
0.110222
0.0980172
0.0857973
0.0735645
0.0613206
0.0490675
0.0368073
0.0245412
0.0122715
-8.74228e-08
-0.0122717
-0.0245414
-0.0368074
-0.0490677
-0.0613208
-0.0735646
-0.0857974
-0.0980172
-0.110222
-0.122411
-0.134581
-0.14673
-0.158858
-0.170962
-0.18304
-0.19509
-0.207111
-0.219101
-0.231058
-0.24298
-0.254866
-0.266713
-0.27852
-0.290285
-0.302006
-0.313682
-0.32531
-0.33689
-0.348419
-0.359895
-0.371317
-0.382683
-0.393992
-0.405241
-0.41643
-0.427555
-0.438616
-0.449612
-0.460539
-0.471397
-0.482184
-0.492899
-0.503538
-0.514103
-0.52459
-0.534998
-0.545325
-0.55557
-0.565731
-0.575808
-0.585798
-0.595699
-0.605511
-0.615232
-0.624859
-0.634393
-0.643832
-0.653173
-0.662416
-0.671559
-0.680601
-0.689541
-0.698376
-0.707107
-0.715731
-0.724247
-0.732655
-0.740951
-0.749137
-0.757209
-0.765167
-0.77301
-0.780738
-0.788346
-0.795837
-0.803207
-0.810458
-0.817585
-0.824589
-0.83147
-0.838225
-0.844853
-0.851356
-0.857728
-0.863973
-0.870087
-0.876071
-0.881921
-0.887639
-0.893224
-0.898674
-0.903989
-0.909168
-0.91421
-0.919113
-0.923881
-0.928506
-0.932992
-0.93734
-0.941544
-0.945607
-0.949528
-0.953305
-0.95694
-0.96043
-0.963776
-0.966976
-0.970032
-0.972939
-0.975701
-0.978317
-0.980785
-0.983105
-0.985278
-0.987301
-0.989177
-0.990902
-0.99248
-0.993908
-0.995185
-0.996312
-0.997291
-0.998119
-0.998795
-0.999322
-0.999699
-0.999924
-1
-0.999924
-0.999699
-0.999322
-0.998795
-0.998119
-0.997291
-0.996312
-0.995185
-0.993907
-0.99248
-0.990902
-0.989177
-0.987301
-0.985278
-0.983105
-0.980785
-0.978317
-0.975701
-0.972939
-0.970032
-0.966976
-0.963776
-0.96043
-0.95694
-0.953305
-0.949528
-0.945607
-0.941544
-0.93734
-0.932992
-0.928506
-0.923879
-0.919113
-0.91421
-0.909168
-0.903989
-0.898674
-0.893224
-0.887639
-0.881921
-0.876071
-0.870087
-0.863973
-0.857728
-0.851356
-0.844853
-0.838225
-0.83147
-0.824589
-0.817585
-0.810456
-0.803207
-0.795837
-0.788346
-0.780738
-0.77301
-0.765167
-0.757209
-0.749137
-0.740951
-0.732654
-0.724247
-0.71573
-0.707107
-0.698376
-0.689541
-0.680601
-0.671559
-0.662416
-0.653173
-0.643832
-0.634393
-0.624859
-0.615231
-0.605511
-0.595699
-0.585798
-0.575808
-0.565731
-0.55557
-0.545325
-0.534998
-0.52459
-0.514103
-0.503538
-0.492898
-0.482183
-0.471397
-0.460539
-0.449611
-0.438616
-0.427555
-0.416429
-0.405241
-0.393992
-0.382683
-0.371317
-0.359895
-0.348419
-0.336889
-0.32531
-0.313681
-0.302006
-0.290284
-0.278519
-0.266712
-0.254865
-0.24298
-0.231058
-0.219101
-0.207111
-0.19509
-0.18304
-0.170962
-0.158858
-0.14673
-0.134581
-0.12241
-0.110222
-0.0980167
-0.0857969
-0.0735646
-0.0613208
-0.0490677
-0.0368072
-0.0245411
-0.0122714
