0
0.0122715
0.0245412
0.0368072
0.0490676
0.0613208
0.0735645
0.0857973
0.098017
0.110222
0.122411
0.134581
0.14673
0.158858
0.170962
0.18304
0.195091
0.207111
0.219101
0.231058
0.24298
0.254866
0.266713
0.27852
0.290285
0.302006
0.313682
0.32531
0.33689
0.348419
0.359895
0.371318
0.382683
0.393992
0.405242
0.41643
0.427555
0.438617
0.449612
0.460538
0.471397
0.482184
0.492898
0.503539
0.514103
0.52459
0.534997
0.545326
0.55557
0.565732
0.575808
0.585798
0.5957
0.605511
0.615232
0.62486
0.634392
0.643832
0.653173
0.662415
0.67156
0.680601
0.68954
0.698377
0.707107
0.715731
0.724248
0.732653
0.740951
0.749137
0.75721
0.765167
0.77301
0.780738
0.788346
0.795837
0.803207
0.810456
0.817584
0.82459
0.831469
0.838226
0.844854
0.851356
0.857728
0.863974
0.870087
0.87607
0.88192
0.88764
0.893225
0.898674
0.90399
0.909167
0.914209
0.919113
0.92388
0.928505
0.932992
0.93734
0.941544
0.945608
0.94953
0.953307
0.95694
0.960432
0.963776
0.966978
0.970032
0.972939
0.975701
0.978317
0.980783
0.983107
0.985277
0.987303
0.989175
0.990904
0.992479
0.993906
0.995185
0.996314
0.997291
0.998117
0.998795
0.999321
0.999701
0.999924
1
0.999924
0.999701
0.999321
0.998795
0.998117
0.997291
0.996314
0.995185
0.993906
0.992479
0.990904
0.989175
0.987303
0.985277
0.983107
0.980783
0.978317
0.975701
0.972939
0.970032
0.966978
0.963776
0.960432
0.95694
0.953307
0.94953
0.945608
0.941544
0.93734
0.932992
0.928505
0.92388
0.919113
0.914209
0.909167
0.90399
0.898674
0.893225
0.88764
0.88192
0.876069
0.870087
0.863974
0.857728
0.851356
0.844854
0.838226
0.831469
0.82459
0.817584
0.810456
0.803207
0.795837
0.788346
0.780738
0.77301
0.765167
0.75721
0.749137
0.740951
0.732653
0.724246
0.715731
0.707107
0.698377
0.68954
0.680601
0.671559
0.662415
0.653173
0.643832
0.634392
0.62486
0.615231
0.605511
0.595699
0.585798
0.575808
0.565732
0.55557
0.545326
0.534997
0.52459
0.514103
0.503539
0.492898
0.482184
0.471397
0.460538
0.449612
0.438617
0.427555
0.416429
0.405242
0.393992
0.382683
0.371318
0.359895
0.348419
0.33689
0.32531
0.313682
0.302006
0.290285
0.27852
0.266713
0.254866
0.24298
0.231058
0.219101
0.207111
0.195091
0.18304
0.170962
0.158858
0.14673
0.134581
0.122411
0.110222
0.098017
0.0857973
0.0735645
0.0613207
0.0490675
0.0368073
0.0245412
0.0122715
-8.74227e-08
-0.0122717
-0.0245414
-0.0368074
-0.0490676
-0.0613208
-0.0735646
-0.0857973
-0.0980174
-0.110223
-0.122411
-0.134581
-0.14673
-0.158858
-0.170962
-0.18304
-0.195091
-0.207111
-0.219101
-0.231058
-0.24298
-0.254866
-0.266713
-0.27852
-0.290285
-0.302006
-0.313682
-0.32531
-0.33689
-0.348419
-0.359895
-0.371318
-0.382683
-0.393992
-0.405242
-0.41643
-0.427555
-0.438617
-0.449612
-0.460538
-0.471397
-0.482184
-0.492898
-0.503539
-0.514103
-0.52459
-0.534997
-0.545326
-0.55557
-0.565732
-0.575808
-0.585798
-0.5957
-0.605511
-0.615232
-0.62486
-0.634392
-0.643832
-0.653173
-0.662415
-0.67156
-0.680601
-0.68954
-0.698377
-0.707107
-0.715731
-0.724248
-0.732653
-0.740951
-0.749137
-0.757209
-0.765167
-0.77301
-0.780738
-0.788346
-0.795837
-0.803207
-0.810457
-0.817584
-0.82459
-0.831469
-0.838226
-0.844854
-0.851356
-0.857728
-0.863974
-0.870087
-0.87607
-0.88192
-0.88764
-0.893225
-0.898674
-0.90399
-0.909167
-0.914209
-0.919113
-0.923881
-0.928505
-0.932992
-0.93734
-0.941544
-0.945608
-0.94953
-0.953307
-0.95694
-0.960432
-0.963776
-0.966978
-0.970032
-0.972939
-0.975701
-0.978317
-0.980783
-0.983107
-0.985277
-0.987303
-0.989175
-0.990904
-0.992479
-0.993906
-0.995185
-0.996314
-0.997291
-0.998117
-0.998795
-0.999321
-0.999701
-0.999924
-1
-0.999924
-0.999701
-0.999321
-0.998795
-0.998117
-0.997291
-0.996314
-0.995185
-0.993906
-0.992479
-0.990904
-0.989175
-0.987303
-0.985277
-0.983107
-0.980783
-0.978317
-0.975701
-0.972939
-0.970032
-0.966978
-0.963776
-0.960432
-0.95694
-0.953307
-0.94953
-0.945608
-0.941544
-0.93734
-0.932992
-0.928505
-0.92388
-0.919113
-0.914209
-0.909167
-0.90399
-0.898674
-0.893225
-0.88764
-0.88192
-0.87607
-0.870087
-0.863974
-0.857728
-0.851356
-0.844854
-0.838226
-0.831469
-0.82459
-0.817584
-0.810456
-0.803207
-0.795837
-0.788346
-0.780738
-0.77301
-0.765167
-0.757209
-0.749137
-0.740951
-0.732653
-0.724246
-0.715729
-0.707107
-0.698377
-0.68954
-0.680601
-0.67156
-0.662415
-0.653173
-0.643832
-0.634392
-0.62486
-0.615231
-0.605511
-0.595699
-0.585798
-0.575808
-0.565732
-0.55557
-0.545326
-0.534997
-0.52459
-0.514103
-0.503539
-0.492898
-0.482184
-0.471397
-0.460538
-0.449611
-0.438617
-0.427555
-0.416429
-0.405242
-0.393992
-0.382683
-0.371318
-0.359895
-0.348419
-0.33689
-0.32531
-0.313681
-0.302006
-0.290284
-0.278519
-0.266712
-0.254865
-0.24298
-0.231058
-0.219101
-0.207111
-0.19509
-0.18304
-0.170962
-0.158858
-0.14673
-0.134581
-0.122411
-0.110222
-0.0980167
-0.085797
-0.0735646
-0.0613208
-0.0490676
-0.0368071
-0.0245411
-0.0122714
