0
0.0122716
0.0245413
0.0368071
0.0490676
0.0613205
0.0735645
0.0857976
0.0980169
0.110222
0.12241
0.134581
0.146731
0.158858
0.170962
0.18304
0.195091
0.207111
0.219101
0.231057
0.242981
0.254867
0.266713
0.278519
0.290284
0.302006
0.313682
0.32531
0.336891
0.348419
0.359894
0.371317
0.382683
0.393992
0.405242
0.416429
0.427554
0.438616
0.44961
0.460539
0.471397
0.482185
0.492897
0.50354
0.514101
0.52459
0.534997
0.545325
0.555571
0.565733
0.575807
0.585799
0.595702
0.605513
0.615233
0.624861
0.634394
0.643831
0.653172
0.662415
0.671559
0.680602
0.689541
0.698378
0.707107
0.71573
0.724247
0.732652
0.740952
0.749135
0.757207
0.765167
0.77301
0.780736
0.788346
0.795837
0.803208
0.810456
0.817582
0.824589
0.831468
0.838226
0.844852
0.851353
0.857727
0.863971
0.870087
0.876069
0.881923
0.887638
0.893223
0.898677
0.903991
0.909166
0.914212
0.919113
0.923877
0.928509
0.932995
0.937336
0.941544
0.945606
0.949527
0.953307
0.95694
0.960433
0.963776
0.966979
0.970032
0.972943
0.975704
0.978317
0.980786
0.983108
0.985276
0.987304
0.989178
0.990905
0.992478
0.993909
0.995182
0.996311
0.997288
0.99812
0.998795
0.999325
0.999698
0.999924
1
0.999924
0.999698
0.999325
0.998795
0.99812
0.997288
0.996311
0.995182
0.993909
0.992478
0.990905
0.989178
0.987304
0.985276
0.983108
0.980786
0.978317
0.975704
0.972943
0.970032
0.966979
0.963776
0.960433
0.95694
0.953307
0.949527
0.945606
0.941544
0.937336
0.932995
0.928509
0.923877
0.919113
0.914212
0.909166
0.903991
0.898677
0.893223
0.887638
0.881923
0.876068
0.870087
0.863971
0.857727
0.851353
0.844852
0.838226
0.831468
0.824589
0.817582
0.810456
0.803208
0.795837
0.788346
0.780736
0.77301
0.765167
0.757207
0.749135
0.740952
0.732652
0.724245
0.71573
0.707107
0.698378
0.689541
0.680602
0.671559
0.662415
0.653172
0.643831
0.634394
0.624861
0.615233
0.605513
0.595698
0.585799
0.575807
0.565733
0.555571
0.545325
0.534997
0.52459
0.514101
0.50354
0.492897
0.482185
0.471397
0.460539
0.44961
0.438616
0.427554
0.416428
0.405242
0.393991
0.382683
0.371317
0.359894
0.348419
0.336891
0.32531
0.313682
0.302006
0.290284
0.278519
0.266713
0.254865
0.242981
0.231057
0.219101
0.207111
0.195091
0.18304
0.170962
0.158858
0.14673
0.13458
0.12241
0.110222
0.0980169
0.085797
0.0735645
0.0613205
0.0490675
0.0368072
0.0245413
0.0122715
-8.74226e-08
-0.0122716
-0.0245414
-0.0368074
-0.0490676
-0.0613206
-0.0735646
-0.0857976
-0.0980172
-0.110222
-0.122411
-0.134581
-0.146731
-0.158858
-0.170962
-0.18304
-0.195091
-0.207111
-0.219101
-0.231059
-0.242981
-0.254867
-0.266713
-0.278519
-0.290284
-0.302006
-0.313682
-0.32531
-0.336891
-0.348419
-0.359894
-0.371317
-0.382683
-0.393992
-0.405242
-0.416429
-0.427557
-0.438616
-0.44961
-0.460539
-0.471397
-0.482185
-0.492897
-0.50354
-0.514101
-0.52459
-0.534997
-0.545325
-0.555571
-0.565733
-0.575807
-0.585799
-0.595702
-0.605513
-0.615233
-0.624861
-0.634394
-0.643831
-0.653172
-0.662415
-0.671559
-0.680602
-0.689541
-0.698378
-0.707107
-0.71573
-0.724247
-0.732652
-0.740952
-0.749135
-0.757207
-0.765167
-0.77301
-0.780736
-0.788346
-0.795837
-0.803208
-0.810456
-0.817582
-0.824589
-0.831468
-0.838226
-0.844852
-0.851353
-0.857727
-0.863971
-0.870087
-0.876069
-0.881923
-0.887638
-0.893223
-0.898678
-0.903991
-0.909166
-0.914212
-0.919113
-0.923878
-0.928509
-0.932995
-0.937336
-0.941544
-0.945606
-0.949527
-0.953307
-0.95694
-0.960433
-0.963776
-0.966979
-0.970032
-0.972943
-0.975704
-0.978317
-0.980786
-0.983108
-0.985276
-0.987304
-0.989178
-0.990905
-0.992478
-0.993909
-0.995182
-0.996311
-0.997288
-0.99812
-0.998795
-0.999325
-0.999698
-0.999924
-1
-0.999924
-0.999698
-0.999325
-0.998795
-0.99812
-0.997288
-0.996311
-0.995182
-0.993909
-0.992478
-0.990905
-0.989178
-0.987304
-0.985276
-0.983108
-0.980786
-0.978317
-0.975704
-0.972943
-0.970032
-0.966979
-0.963776
-0.960433
-0.95694
-0.953307
-0.949527
-0.945606
-0.941544
-0.937336
-0.932995
-0.928509
-0.923877
-0.919113
-0.914212
-0.909166
-0.903991
-0.898677
-0.893222
-0.887638
-0.881923
-0.876069
-0.870087
-0.863971
-0.857727
-0.851353
-0.844852
-0.838226
-0.831468
-0.824589
-0.817582
-0.810456
-0.803208
-0.795837
-0.788346
-0.780736
-0.77301
-0.765167
-0.757207
-0.749135
-0.740952
-0.732652
-0.724245
-0.715729
-0.707107
-0.698378
-0.689541
-0.680602
-0.671559
-0.662415
-0.653172
-0.643831
-0.634394
-0.624861
-0.615233
-0.605513
-0.595698
-0.585799
-0.575807
-0.565733
-0.555571
-0.545325
-0.534997
-0.52459
-0.514101
-0.50354
-0.492897
-0.482185
-0.471397
-0.460539
-0.44961
-0.438616
-0.427554
-0.416428
-0.405242
-0.393992
-0.382683
-0.371317
-0.359894
-0.348419
-0.336891
-0.32531
-0.313682
-0.302005
-0.290284
-0.278519
-0.266712
-0.254865
-0.242981
-0.231057
-0.219101
-0.207111
-0.19509
-0.18304
-0.170962
-0.158858
-0.14673
-0.13458
-0.12241
-0.110222
-0.0980168
-0.0857969
-0.0735646
-0.0613205
-0.0490676
-0.0368071
-0.0245411
-0.0122714
