1.92255e-07
0.0527495
0.105332
0.157582
0.209336
0.260433
0.310714
0.360028
0.408226
0.455167
0.500716
0.544747
0.587141
0.627789
0.66659
0.703455
0.738303
0.771065
0.801685
0.830115
0.85632
0.880277
0.901974
0.921412
0.9386
0.953561
0.966328
0.976946
0.985467
0.991957
0.996486
0.999137
1
0.999171
0.996753
0.992856
0.987594
0.981087
0.973455
0.964825
0.955323
0.945076
0.934213
0.922861
0.911145
0.89919
0.887116
0.87504
0.863074
0.851326
0.839897
0.828883
0.818372
0.808445
0.799178
0.790634
0.782873
0.775943
0.769884
0.764729
0.760501
0.757214
0.754874
0.753479
0.753017
0.753471
0.754814
0.757013
0.760028
0.763811
0.768312
0.773472
0.77923
0.785519
0.79227
0.79941
0.806866
0.814561
0.82242
0.830364
0.838318
0.846208
0.853959
0.861502
0.868768
0.875693
0.882217
0.888284
0.893843
0.898848
0.90326
0.907044
0.910173
0.912624
0.914382
0.915438
0.915789
0.91544
0.914401
0.912687
0.910323
0.907335
0.903758
0.899629
0.894992
0.889896
0.88439
0.878532
0.872376
0.865985
0.85942
0.852743
0.846019
0.839312
0.832684
0.826198
0.819915
0.813894
0.808191
0.802857
0.797944
0.793497
0.789556
0.786158
0.783334
0.781111
0.779507
0.77854
0.778216
0.77854
0.779507
0.78111
0.783334
0.786158
0.789556
0.793497
0.797944
0.802858
0.808191
0.813894
0.819915
0.826198
0.832684
0.839312
0.846019
0.852743
0.85942
0.865985
0.872377
0.878531
0.88439
0.889896
0.894992
0.899629
0.903758
0.907335
0.910323
0.912687
0.9144
0.91544
0.915789
0.915438
0.914382
0.912624
0.910173
0.907044
0.90326
0.898848
0.893842
0.888283
0.882217
0.875693
0.868767
0.861501
0.853959
0.846207
0.838318
0.830364
0.822419
0.814561
0.806866
0.79941
0.792269
0.785518
0.77923
0.773472
0.768312
0.763811
0.760027
0.757013
0.754814
0.753471
0.753017
0.753479
0.754874
0.757214
0.760501
0.764729
0.769884
0.775943
0.782873
0.790634
0.799178
0.808446
0.818372
0.828883
0.839897
0.851326
0.863075
0.87504
0.887117
0.899191
0.911146
0.922861
0.934213
0.945076
0.955323
0.964825
0.973456
0.981087
0.987595
0.992856
0.996753
0.999171
1
0.999138
0.996486
0.991957
0.985468
0.976946
0.966328
0.953561
0.9386
0.921412
0.901974
0.880277
0.85632
0.830114
0.801684
0.771065
0.738302
0.703454
0.66659
0.627789
0.587141
0.544747
0.500716
0.455166
0.408225
0.360027
0.310713
0.260432
0.209336
0.157582
0.105332
0.0527492
-2.59403e-07
-0.0527497
-0.105332
-0.157583
-0.209336
-0.260433
-0.310714
-0.360027
-0.408225
-0.455167
-0.500716
-0.544747
-0.587141
-0.627789
-0.66659
-0.703455
-0.738303
-0.771065
-0.801684
-0.830114
-0.856319
-0.880277
-0.901974
-0.921411
-0.938599
-0.95356
-0.966328
-0.976945
-0.985467
-0.991956
-0.996486
-0.999137
-0.999999
-0.99917
-0.996752
-0.992855
-0.987594
-0.981086
-0.973455
-0.964825
-0.955322
-0.945075
-0.934212
-0.92286
-0.911145
-0.89919
-0.887116
-0.87504
-0.863074
-0.851325
-0.839896
-0.828882
-0.818371
-0.808445
-0.799177
-0.790634
-0.782872
-0.775942
-0.769884
-0.764729
-0.7605
-0.757213
-0.754874
-0.753478
-0.753017
-0.753471
-0.754814
-0.757013
-0.760027
-0.763811
-0.768311
-0.773472
-0.779229
-0.785519
-0.79227
-0.79941
-0.806866
-0.814561
-0.82242
-0.830364
-0.838318
-0.846208
-0.853959
-0.861502
-0.868767
-0.875692
-0.882216
-0.888284
-0.893843
-0.898848
-0.90326
-0.907044
-0.910173
-0.912624
-0.914381
-0.915437
-0.915788
-0.915439
-0.9144
-0.912687
-0.910322
-0.907335
-0.903757
-0.899628
-0.894992
-0.889895
-0.88439
-0.878531
-0.872376
-0.865985
-0.85942
-0.852743
-0.846019
-0.839311
-0.832684
-0.826198
-0.819915
-0.813893
-0.80819
-0.802857
-0.797944
-0.793497
-0.789556
-0.786158
-0.783334
-0.78111
-0.779507
-0.778539
-0.778216
-0.778539
-0.779507
-0.78111
-0.783334
-0.786158
-0.789556
-0.793497
-0.797944
-0.802857
-0.80819
-0.813894
-0.819915
-0.826198
-0.832684
-0.839312
-0.846019
-0.852743
-0.85942
-0.865985
-0.872376
-0.878531
-0.88439
-0.889896
-0.894992
-0.899628
-0.903757
-0.907335
-0.910322
-0.912687
-0.9144
-0.915439
-0.915788
-0.915437
-0.914381
-0.912623
-0.910172
-0.907044
-0.903259
-0.898848
-0.893842
-0.888283
-0.882216
-0.875692
-0.868767
-0.861501
-0.853958
-0.846207
-0.838317
-0.830363
-0.822419
-0.81456
-0.806865
-0.799409
-0.792269
-0.785518
-0.779229
-0.773471
-0.768311
-0.763811
-0.760027
-0.757013
-0.754814
-0.753471
-0.753017
-0.753478
-0.754874
-0.757213
-0.7605
-0.764729
-0.769884
-0.775942
-0.782873
-0.790634
-0.799177
-0.808445
-0.818372
-0.828883
-0.839897
-0.851326
-0.863074
-0.87504
-0.887117
-0.899191
-0.911146
-0.922861
-0.934213
-0.945076
-0.955323
-0.964825
-0.973455
-0.981086
-0.987594
-0.992856
-0.996753
-0.999171
-1
-0.999137
-0.996486
-0.991956
-0.985467
-0.976946
-0.966328
-0.953561
-0.9386
-0.921411
-0.901974
-0.880276
-0.856319
-0.830114
-0.801684
-0.771064
-0.738302
-0.703454
-0.666589
-0.627788
-0.58714
-0.544746
-0.500714
-0.455165
-0.408225
-0.360026
-0.310713
-0.260432
-0.209336
-0.157581
-0.105331
-0.0527484
