6.43523e-08
0.210183
0.409728
0.588966
0.740061
0.857675
0.93937
0.9857
1
0.987892
0.956587
0.914052
0.868153
0.825859
0.792604
0.771867
0.765001
0.771325
0.788442
0.812734
0.839968
0.865915
0.886925
0.900369
0.904916
0.900608
0.88875
0.871632
0.852137
0.833291
0.817825
0.807807
0.804384
0.807675
0.816814
0.830128
0.845424
0.860333
0.872664
0.880709
0.883476
0.880792
0.8733
0.86232
0.849634
0.837201
0.826866
0.82009
0.81775
0.820033
0.826435
0.835854
0.846781
0.857531
0.866501
0.872403
0.874448
0.872444
0.866809
0.858491
0.848813
0.839263
0.831272
0.825999
0.824168
0.825969
0.831046
0.838557
0.847318
0.855983
0.863252
0.868058
0.869731
0.868081
0.863422
0.856514
0.84844
0.840438
0.833714
0.829258
0.827705
0.829241
0.833585
0.840037
0.847591
0.85509
0.861404
0.865593
0.867056
0.865606
0.861501
0.855393
0.848231
0.84111
0.835106
0.831116
0.829721
0.831107
0.835035
0.840886
0.847758
0.8546
0.860376
0.86422
0.865565
0.864226
0.860426
0.854758
0.848092
0.841447
0.835829
0.832086
0.830775
0.832082
0.835797
0.841346
0.847878
0.854399
0.859918
0.8636
0.864891
0.863602
0.859933
0.854448
0.847983
0.841521
0.836045
0.832388
0.831104
0.832388
0.836045
0.841521
0.847983
0.854448
0.859933
0.863602
0.864891
0.8636
0.859918
0.854399
0.847878
0.841346
0.835797
0.832082
0.830775
0.832087
0.83583
0.841447
0.848092
0.854758
0.860427
0.864227
0.865565
0.86422
0.860376
0.854599
0.847757
0.840886
0.835034
0.831106
0.82972
0.831115
0.835106
0.841109
0.848231
0.855393
0.861501
0.865606
0.867056
0.865593
0.861404
0.855091
0.847591
0.840037
0.833584
0.829241
0.827705
0.829258
0.833713
0.840438
0.84844
0.856513
0.863421
0.86808
0.869731
0.868058
0.863252
0.855983
0.847318
0.838557
0.831046
0.82597
0.824169
0.825999
0.831273
0.839263
0.848813
0.858491
0.866808
0.872443
0.874448
0.872403
0.866501
0.857531
0.846781
0.835854
0.826435
0.820033
0.81775
0.820089
0.826866
0.837201
0.849634
0.86232
0.8733
0.880792
0.883476
0.880709
0.872664
0.860334
0.845424
0.830128
0.816813
0.807675
0.804384
0.807808
0.817826
0.833291
0.852137
0.871632
0.88875
0.900608
0.904916
0.90037
0.886926
0.865915
0.839968
0.812734
0.788442
0.771326
0.765001
0.771867
0.792604
0.825859
0.868153
0.914053
0.956587
0.987892
1
0.9857
0.939369
0.857674
0.74006
0.588966
0.409728
0.210181
-1.422e-06
-0.210184
-0.409731
-0.588968
-0.740062
-0.857676
-0.93937
-0.9857
-1
-0.987892
-0.956586
-0.914053
-0.868152
-0.825859
-0.792603
-0.771866
-0.765001
-0.771325
-0.788441
-0.812734
-0.839968
-0.865915
-0.886925
-0.90037
-0.904916
-0.900607
-0.888749
-0.871632
-0.852137
-0.833291
-0.817825
-0.807807
-0.804384
-0.807674
-0.816813
-0.830128
-0.845424
-0.860333
-0.872664
-0.880709
-0.883475
-0.880792
-0.8733
-0.86232
-0.849634
-0.837201
-0.826866
-0.820089
-0.81775
-0.820033
-0.826435
-0.835855
-0.846782
-0.857531
-0.866501
-0.872403
-0.874448
-0.872444
-0.866808
-0.858491
-0.848813
-0.839263
-0.831272
-0.825999
-0.824168
-0.825969
-0.831045
-0.838557
-0.847318
-0.855983
-0.863251
-0.868058
-0.86973
-0.868081
-0.863421
-0.856513
-0.848439
-0.840438
-0.833714
-0.829259
-0.827706
-0.829242
-0.833586
-0.840037
-0.847591
-0.855091
-0.861403
-0.865593
-0.867056
-0.865606
-0.861501
-0.855393
-0.848231
-0.84111
-0.835107
-0.831117
-0.829722
-0.831107
-0.835035
-0.840886
-0.847758
-0.8546
-0.860376
-0.86422
-0.865564
-0.864226
-0.860425
-0.854756
-0.848092
-0.841446
-0.835829
-0.832086
-0.830774
-0.832081
-0.835797
-0.841346
-0.847878
-0.854399
-0.859918
-0.863599
-0.864891
-0.863602
-0.859934
-0.854448
-0.847983
-0.841521
-0.836045
-0.832388
-0.831104
-0.832388
-0.836045
-0.841521
-0.847983
-0.854448
-0.859933
-0.863602
-0.864891
-0.863599
-0.859917
-0.854399
-0.847878
-0.841346
-0.835797
-0.832082
-0.830775
-0.832087
-0.83583
-0.841448
-0.848094
-0.854758
-0.860427
-0.864227
-0.865565
-0.86422
-0.860376
-0.854599
-0.847757
-0.840885
-0.835033
-0.831105
-0.82972
-0.831115
-0.835106
-0.841109
-0.84823
-0.855392
-0.8615
-0.865606
-0.867055
-0.865593
-0.861404
-0.85509
-0.847591
-0.840036
-0.833585
-0.829241
-0.827703
-0.829257
-0.833712
-0.840437
-0.848439
-0.856512
-0.863422
-0.86808
-0.869731
-0.868059
-0.863252
-0.855984
-0.847319
-0.838558
-0.831046
-0.82597
-0.824169
-0.825999
-0.831273
-0.839263
-0.848813
-0.85849
-0.866808
-0.872442
-0.874447
-0.872403
-0.866501
-0.857531
-0.846782
-0.835854
-0.826434
-0.820033
-0.81775
-0.82009
-0.826867
-0.837202
-0.849634
-0.86232
-0.8733
-0.880793
-0.883476
-0.880709
-0.872663
-0.860333
-0.845424
-0.830128
-0.816813
-0.807675
-0.804385
-0.807807
-0.817825
-0.833291
-0.852137
-0.871632
-0.88875
-0.900608
-0.904917
-0.900369
-0.886925
-0.865915
-0.839968
-0.812735
-0.788441
-0.771326
-0.765001
-0.771867
-0.792604
-0.825858
-0.868154
-0.914052
-0.956586
-0.987891
-1
-0.985699
-0.93937
-0.857674
-0.74006
-0.588964
-0.409725
-0.210179
