0
1
0.765755
0.904339
0.805709
0.882318
0.819671
0.872673
0.826734
0.867277
0.83099
0.863835
0.833832
0.861449
0.835862
0.859701
0.837384
0.858364
0.838566
0.857311
0.839511
0.85646
0.840282
0.855757
0.840924
0.855169
0.841465
0.854669
0.841928
0.85424
0.842328
0.853867
0.842677
0.85354
0.842983
0.853252
0.843254
0.852995
0.843496
0.852767
0.843713
0.852561
0.843908
0.852376
0.844085
0.852208
0.844245
0.852055
0.844391
0.851916
0.844525
0.851787
0.844646
0.85167
0.844759
0.851563
0.844863
0.851463
0.844959
0.851371
0.845046
0.851287
0.845128
0.851207
0.845204
0.851134
0.845274
0.851066
0.845341
0.851003
0.845402
0.850944
0.845458
0.850889
0.845512
0.850837
0.845562
0.850789
0.845608
0.850745
0.845651
0.850704
0.845691
0.850665
0.845729
0.850628
0.845763
0.850595
0.845795
0.850563
0.845826
0.850535
0.845854
0.850507
0.84588
0.850482
0.845905
0.85046
0.845927
0.850437
0.845947
0.850418
0.845966
0.850399
0.845983
0.850383
0.845999
0.850369
0.846012
0.850353
0.846025
0.850344
0.846037
0.850331
0.846046
0.850323
0.846055
0.850317
0.846062
0.850309
0.846068
0.850306
0.846072
0.8503
0.846076
0.850298
0.846078
0.850297
0.846078
0.850297
0.846079
0.850298
0.846076
0.8503
0.846072
0.850305
0.846068
0.850309
0.846061
0.850317
0.846055
0.850322
0.846046
0.850334
0.846037
0.850343
0.846027
0.850355
0.846013
0.850369
0.845998
0.850384
0.845983
0.850401
0.845966
0.850418
0.845947
0.850438
0.845926
0.850459
0.845904
0.850482
0.845879
0.850507
0.845853
0.850534
0.845825
0.850564
0.845795
0.850594
0.845763
0.850629
0.845728
0.850664
0.84569
0.850703
0.84565
0.850745
0.845607
0.850791
0.84556
0.850838
0.845511
0.850887
0.84546
0.850943
0.845401
0.851003
0.845341
0.851067
0.845276
0.851133
0.845204
0.851208
0.845128
0.851286
0.845046
0.851371
0.844957
0.851465
0.844862
0.851563
0.844759
0.85167
0.844647
0.851788
0.844525
0.851914
0.844392
0.852056
0.844245
0.852208
0.844085
0.852375
0.843907
0.852562
0.843713
0.852767
0.843499
0.852997
0.843255
0.853252
0.842983
0.853539
0.842676
0.853867
0.842328
0.85424
0.841928
0.854669
0.841464
0.855169
0.840925
0.855758
0.840282
0.856458
0.839511
0.857311
0.838566
0.858365
0.837386
0.8597
0.835861
0.86145
0.833833
0.863834
0.83099
0.867277
0.826736
0.872672
0.819672
0.882317
0.805711
0.904339
0.765756
1
-1.18899e-05
-1
-0.765756
-0.904339
-0.805711
-0.882318
-0.819671
-0.872672
-0.826737
-0.867277
-0.83099
-0.863836
-0.833833
-0.861449
-0.835861
-0.8597
-0.837386
-0.858364
-0.838565
-0.85731
-0.839511
-0.85646
-0.840282
-0.855757
-0.840925
-0.855166
-0.841463
-0.854669
-0.841929
-0.854241
-0.842326
-0.853868
-0.842675
-0.853541
-0.842983
-0.853252
-0.843254
-0.852995
-0.843496
-0.852767
-0.843712
-0.85256
-0.843911
-0.852377
-0.844086
-0.852207
-0.844246
-0.852054
-0.844391
-0.851916
-0.844527
-0.851788
-0.844646
-0.851671
-0.844759
-0.851564
-0.844861
-0.851463
-0.844959
-0.851371
-0.845047
-0.851288
-0.845128
-0.851208
-0.845204
-0.851135
-0.845272
-0.851065
-0.845342
-0.851002
-0.845401
-0.850945
-0.845457
-0.850892
-0.845512
-0.850834
-0.845563
-0.850789
-0.845607
-0.850745
-0.845652
-0.850705
-0.845692
-0.850664
-0.845728
-0.850629
-0.845762
-0.850595
-0.845796
-0.850563
-0.845826
-0.850536
-0.845855
-0.850506
-0.845882
-0.850482
-0.845904
-0.850458
-0.845927
-0.850438
-0.845948
-0.850419
-0.845967
-0.8504
-0.845983
-0.850381
-0.846002
-0.850368
-0.846011
-0.850353
-0.846023
-0.850345
-0.846038
-0.850332
-0.846046
-0.850324
-0.846054
-0.850318
-0.846063
-0.850308
-0.846067
-0.850304
-0.846073
-0.850299
-0.846075
-0.850294
-0.846074
-0.850297
-0.846078
-0.850298
-0.846077
-0.850295
-0.846074
-0.850302
-0.846073
-0.850304
-0.846067
-0.850307
-0.846061
-0.850316
-0.846056
-0.850323
-0.846048
-0.850336
-0.846038
-0.850342
-0.846026
-0.850358
-0.846015
-0.850367
-0.845998
-0.850388
-0.845982
-0.8504
-0.845965
-0.850417
-0.84595
-0.850437
-0.845926
-0.850457
-0.845903
-0.850483
-0.845881
-0.850507
-0.845852
-0.850534
-0.845824
-0.850564
-0.845795
-0.850595
-0.845766
-0.850628
-0.845728
-0.850665
-0.84569
-0.850703
-0.845648
-0.850745
-0.845605
-0.85079
-0.845558
-0.850836
-0.845511
-0.850885
-0.845461
-0.850943
-0.845403
-0.851005
-0.845342
-0.851066
-0.845278
-0.851134
-0.845204
-0.851207
-0.84513
-0.851284
-0.845047
-0.851368
-0.844957
-0.851463
-0.844862
-0.851562
-0.84476
-0.85167
-0.844646
-0.851788
-0.844524
-0.851913
-0.844392
-0.852055
-0.844244
-0.85221
-0.844084
-0.852373
-0.843906
-0.852561
-0.843715
-0.852764
-0.843498
-0.852997
-0.843255
-0.853251
-0.842981
-0.853541
-0.842679
-0.853865
-0.842328
-0.854239
-0.841929
-0.854668
-0.841465
-0.85517
-0.840924
-0.855759
-0.840281
-0.856459
-0.839511
-0.857314
-0.838567
-0.858363
-0.837384
-0.859703
-0.835863
-0.861449
-0.833832
-0.863834
-0.830989
-0.867277
-0.826733
-0.872673
-0.819675
-0.882318
-0.805712
-0.904338
-0.765755
-1
