6.32203e-08
0.0260293
0.052039
0.0780094
0.103921
0.129755
0.155491
0.18111
0.206594
0.231923
0.257078
0.282042
0.306795
0.33132
0.355598
0.379614
0.403348
0.426786
0.449909
0.472703
0.495151
0.517239
0.538952
0.560274
0.581194
0.601697
0.62177
0.641401
0.660579
0.679291
0.697529
0.715281
0.732538
0.749291
0.765532
0.781254
0.796449
0.81111
0.825233
0.838812
0.851843
0.864321
0.876244
0.88761
0.898416
0.908661
0.918345
0.927468
0.936031
0.944035
0.951483
0.958377
0.964721
0.970518
0.975774
0.980493
0.984682
0.988347
0.991495
0.994134
0.996273
0.997919
0.999082
0.999772
1
0.999776
0.999112
0.998018
0.996509
0.994596
0.992292
0.98961
0.986565
0.983171
0.979442
0.975393
0.971039
0.966395
0.961477
0.9563
0.950882
0.945236
0.939381
0.933333
0.927107
0.92072
0.91419
0.907533
0.900764
0.893903
0.886963
0.879963
0.872919
0.865847
0.858763
0.851683
0.844623
0.837599
0.830627
0.82372
0.816896
0.810167
0.803548
0.797053
0.790697
0.784491
0.778449
0.772584
0.766908
0.761431
0.756166
0.751122
0.746311
0.741741
0.737423
0.733363
0.729572
0.726055
0.722821
0.719875
0.717223
0.714871
0.712824
0.711084
0.709656
0.708542
0.707745
0.707267
0.707107
0.707267
0.707745
0.708542
0.709656
0.711084
0.712824
0.714871
0.717223
0.719875
0.722821
0.726055
0.729572
0.733363
0.737423
0.741741
0.746311
0.751122
0.756166
0.761431
0.766908
0.772584
0.778449
0.784491
0.790697
0.797053
0.803548
0.810166
0.816896
0.82372
0.830627
0.837599
0.844623
0.851683
0.858763
0.865847
0.872919
0.879963
0.886963
0.893902
0.900764
0.907532
0.91419
0.92072
0.927107
0.933332
0.939381
0.945236
0.950882
0.9563
0.961477
0.966395
0.971039
0.975393
0.979442
0.983171
0.986565
0.98961
0.992291
0.994595
0.996509
0.998018
0.999111
0.999776
1
0.999772
0.999082
0.997919
0.996273
0.994134
0.991495
0.988347
0.984682
0.980493
0.975774
0.970518
0.96472
0.958377
0.951483
0.944035
0.936031
0.927468
0.918345
0.908661
0.898416
0.88761
0.876244
0.864321
0.851843
0.838812
0.825233
0.81111
0.796449
0.781254
0.765532
0.749291
0.732538
0.715281
0.697529
0.679291
0.660578
0.641401
0.621769
0.601696
0.581194
0.560274
0.538952
0.517239
0.495151
0.472703
0.449909
0.426786
0.403348
0.379613
0.355598
0.33132
0.306795
0.282042
0.257078
0.231923
0.206594
0.18111
0.155491
0.129755
0.103921
0.0780096
0.052039
0.0260293
-3.79377e-08
-0.0260294
-0.0520391
-0.0780096
-0.103921
-0.129755
-0.155491
-0.18111
-0.206594
-0.231923
-0.257078
-0.282042
-0.306795
-0.33132
-0.355598
-0.379614
-0.403348
-0.426786
-0.449909
-0.472703
-0.495151
-0.517239
-0.538952
-0.560274
-0.581194
-0.601696
-0.62177
-0.641401
-0.660579
-0.679291
-0.697529
-0.715281
-0.732538
-0.749291
-0.765532
-0.781254
-0.796449
-0.81111
-0.825233
-0.838812
-0.851843
-0.864321
-0.876244
-0.88761
-0.898416
-0.908661
-0.918345
-0.927468
-0.936031
-0.944035
-0.951483
-0.958377
-0.964721
-0.970518
-0.975774
-0.980493
-0.984682
-0.988347
-0.991495
-0.994134
-0.996273
-0.997919
-0.999082
-0.999772
-1
-0.999776
-0.999111
-0.998018
-0.996509
-0.994596
-0.992291
-0.98961
-0.986565
-0.983171
-0.979442
-0.975393
-0.971039
-0.966395
-0.961477
-0.956301
-0.950882
-0.945237
-0.939381
-0.933333
-0.927106
-0.92072
-0.91419
-0.907533
-0.900764
-0.893902
-0.886963
-0.879963
-0.872919
-0.865847
-0.858763
-0.851683
-0.844623
-0.837599
-0.830627
-0.82372
-0.816895
-0.810166
-0.803548
-0.797053
-0.790696
-0.784491
-0.77845
-0.772584
-0.766908
-0.761431
-0.756166
-0.751122
-0.746311
-0.741741
-0.737422
-0.733363
-0.729572
-0.726055
-0.722821
-0.719875
-0.717223
-0.714871
-0.712823
-0.711084
-0.709656
-0.708542
-0.707745
-0.707266
-0.707107
-0.707266
-0.707745
-0.708542
-0.709656
-0.711084
-0.712823
-0.714871
-0.717223
-0.719875
-0.722821
-0.726055
-0.729572
-0.733363
-0.737422
-0.741741
-0.746311
-0.751122
-0.756166
-0.761431
-0.766908
-0.772584
-0.778449
-0.784491
-0.790696
-0.797053
-0.803548
-0.810166
-0.816895
-0.82372
-0.830627
-0.837599
-0.844623
-0.851683
-0.858762
-0.865846
-0.872919
-0.879963
-0.886963
-0.893903
-0.900765
-0.907533
-0.91419
-0.92072
-0.927106
-0.933332
-0.939381
-0.945236
-0.950881
-0.9563
-0.961477
-0.966394
-0.971039
-0.975393
-0.979442
-0.983171
-0.986565
-0.98961
-0.992291
-0.994595
-0.996509
-0.998018
-0.999111
-0.999776
-1
-0.999772
-0.999082
-0.997918
-0.996272
-0.994134
-0.991495
-0.988347
-0.984682
-0.980493
-0.975773
-0.970518
-0.96472
-0.958377
-0.951483
-0.944035
-0.936031
-0.927468
-0.918345
-0.908661
-0.898416
-0.88761
-0.876244
-0.864321
-0.851842
-0.838812
-0.825233
-0.81111
-0.796448
-0.781253
-0.765532
-0.749291
-0.732538
-0.715281
-0.697529
-0.679291
-0.660578
-0.641401
-0.621769
-0.601696
-0.581194
-0.560274
-0.538951
-0.517239
-0.495151
-0.472703
-0.449909
-0.426785
-0.403348
-0.379613
-0.355598
-0.331319
-0.306794
-0.282041
-0.257078
-0.231923
-0.206594
-0.18111
-0.155491
-0.129755
-0.103921
-0.0780093
-0.0520388
-0.0260291
