6.42989e-08
0.105681
0.210014
0.311682
0.409429
0.502086
0.588603
0.668063
0.739711
0.80296
0.857406
0.902834
0.939217
0.966713
0.985654
0.996536
1
0.99681
0.987833
0.974012
0.956338
0.935825
0.913482
0.890287
0.86716
0.844949
0.8244
0.80615
0.790713
0.778469
0.769663
0.764407
0.76268
0.76434
0.769133
0.77671
0.78664
0.798432
0.811553
0.825448
0.839562
0.853357
0.86633
0.878031
0.888074
0.896149
0.902033
0.905588
0.906769
0.905617
0.902259
0.896898
0.889804
0.8813
0.871753
0.861554
0.851109
0.840818
0.831066
0.822204
0.814544
0.808341
0.803792
0.801026
0.800102
0.801011
0.803673
0.807948
0.813637
0.820493
0.82823
0.836538
0.845089
0.853555
0.861616
0.868974
0.875364
0.880561
0.88439
0.886727
0.88751
0.886736
0.884457
0.880785
0.87588
0.869946
0.863224
0.855981
0.848499
0.841066
0.833964
0.827458
0.82179
0.817165
0.813748
0.811655
0.810951
0.81165
0.81371
0.817041
0.821503
0.826917
0.833067
0.839714
0.8466
0.853459
0.860032
0.86607
0.871345
0.87566
0.878858
0.880822
0.881483
0.880824
0.878875
0.875717
0.871475
0.866315
0.860438
0.854071
0.847458
0.840854
0.834509
0.828668
0.823551
0.819355
0.816238
0.814319
0.813672
0.814319
0.816238
0.819355
0.823551
0.828668
0.834509
0.840854
0.847458
0.854071
0.860438
0.866315
0.871475
0.875717
0.878875
0.880824
0.881483
0.880822
0.878858
0.87566
0.871345
0.86607
0.860033
0.85346
0.8466
0.839714
0.833067
0.826917
0.821503
0.817041
0.81371
0.81165
0.810951
0.811654
0.813748
0.817165
0.82179
0.827458
0.833964
0.841066
0.848499
0.855981
0.863224
0.869946
0.875879
0.880784
0.884457
0.886735
0.88751
0.886727
0.884389
0.880561
0.875364
0.868974
0.861616
0.853555
0.845089
0.836538
0.82823
0.820493
0.813637
0.807949
0.803674
0.801011
0.800102
0.801026
0.803792
0.808341
0.814544
0.822204
0.831066
0.840818
0.851109
0.861554
0.871752
0.8813
0.889803
0.896898
0.902259
0.905617
0.906769
0.905588
0.902033
0.896149
0.888074
0.878031
0.86633
0.853357
0.839562
0.825448
0.811553
0.798432
0.78664
0.77671
0.769133
0.76434
0.76268
0.764407
0.769663
0.778469
0.790713
0.80615
0.8244
0.844949
0.867161
0.890287
0.913483
0.935826
0.956338
0.974012
0.987833
0.99681
1
0.996536
0.985654
0.966713
0.939217
0.902834
0.857405
0.802959
0.73971
0.668063
0.588602
0.502085
0.409428
0.311682
0.210014
0.105681
-7.78089e-07
-0.105682
-0.210015
-0.311683
-0.409429
-0.502087
-0.588603
-0.668063
-0.739711
-0.80296
-0.857406
-0.902834
-0.939217
-0.966713
-0.985654
-0.996536
-1
-0.99681
-0.987833
-0.974012
-0.956338
-0.935825
-0.913482
-0.890286
-0.86716
-0.844948
-0.824399
-0.80615
-0.790713
-0.778468
-0.769663
-0.764407
-0.762679
-0.764339
-0.769133
-0.77671
-0.78664
-0.798432
-0.811553
-0.825448
-0.839562
-0.853357
-0.86633
-0.878031
-0.888074
-0.89615
-0.902033
-0.905588
-0.906769
-0.905617
-0.902259
-0.896898
-0.889804
-0.8813
-0.871752
-0.861554
-0.851109
-0.840818
-0.831065
-0.822204
-0.814543
-0.808341
-0.803792
-0.801025
-0.800102
-0.80101
-0.803673
-0.807948
-0.813637
-0.820493
-0.82823
-0.836537
-0.845089
-0.853555
-0.861616
-0.868974
-0.875364
-0.880561
-0.88439
-0.886727
-0.887511
-0.886736
-0.884457
-0.880785
-0.875879
-0.869946
-0.863224
-0.855982
-0.848499
-0.841066
-0.833964
-0.827459
-0.821791
-0.817166
-0.813748
-0.811655
-0.810951
-0.81165
-0.81371
-0.817041
-0.821503
-0.826917
-0.833067
-0.839714
-0.846599
-0.853459
-0.860032
-0.86607
-0.871345
-0.87566
-0.878858
-0.880821
-0.881483
-0.880824
-0.878875
-0.875717
-0.871474
-0.866314
-0.860438
-0.85407
-0.847458
-0.840853
-0.834509
-0.828667
-0.823551
-0.819355
-0.816238
-0.814319
-0.813672
-0.814319
-0.816238
-0.819355
-0.823551
-0.828668
-0.834509
-0.840854
-0.847458
-0.854071
-0.860438
-0.866314
-0.871474
-0.875717
-0.878875
-0.880824
-0.881484
-0.880822
-0.878858
-0.875661
-0.871345
-0.86607
-0.860033
-0.85346
-0.846599
-0.839714
-0.833067
-0.826916
-0.821503
-0.81704
-0.81371
-0.811649
-0.81095
-0.811654
-0.813748
-0.817165
-0.82179
-0.827458
-0.833963
-0.841065
-0.848498
-0.85598
-0.863223
-0.869945
-0.875879
-0.880784
-0.884456
-0.886735
-0.88751
-0.886726
-0.884389
-0.880561
-0.875364
-0.868974
-0.861615
-0.853554
-0.845089
-0.836538
-0.82823
-0.820493
-0.813637
-0.807949
-0.803674
-0.801011
-0.800103
-0.801025
-0.803792
-0.808341
-0.814544
-0.822204
-0.831065
-0.840818
-0.851109
-0.861554
-0.871753
-0.8813
-0.889804
-0.896898
-0.902258
-0.905616
-0.906768
-0.905588
-0.902033
-0.89615
-0.888073
-0.878031
-0.86633
-0.853357
-0.839562
-0.825448
-0.811552
-0.798432
-0.78664
-0.77671
-0.769134
-0.76434
-0.762681
-0.764407
-0.769663
-0.778469
-0.790713
-0.806151
-0.824401
-0.84495
-0.867161
-0.890288
-0.913483
-0.935826
-0.956339
-0.974013
-0.987833
-0.99681
-1
-0.996536
-0.985654
-0.966712
-0.939216
-0.902833
-0.857404
-0.802958
-0.73971
-0.668062
-0.588602
-0.502085
-0.409428
-0.31168
-0.210013
-0.105679
