1.28731e-06
0.409804
0.740148
0.939408
0.999999
0.956648
0.868399
0.793072
0.765576
0.788889
0.840074
0.886654
0.904474
0.8885
0.852382
0.818604
0.805397
0.81757
0.845527
0.872076
0.882586
0.872734
0.849884
0.827972
0.819225
0.827518
0.846878
0.86557
0.873075
0.865902
0.849071
0.83274
0.826153
0.832487
0.847405
0.861937
0.867817
0.862134
0.84871
0.835593
0.83027
0.835434
0.847663
0.859644
0.864516
0.859774
0.848519
0.837469
0.832967
0.837362
0.847809
0.858084
0.862278
0.858175
0.848406
0.838781
0.834847
0.838704
0.847899
0.856971
0.860684
0.857037
0.848332
0.839733
0.83621
0.839676
0.847959
0.856151
0.859511
0.8562
0.848282
0.840443
0.837225
0.8404
0.848002
0.855535
0.85863
0.855572
0.848246
0.840979
0.837991
0.840946
0.848034
0.855069
0.857964
0.855097
0.848218
0.841384
0.83857
0.84136
0.848058
0.854718
0.857462
0.854738
0.848196
0.841688
0.839004
0.841669
0.848078
0.854458
0.85709
0.854473
0.848178
0.841907
0.839319
0.841894
0.848094
0.854274
0.856826
0.854284
0.848162
0.842056
0.839533
0.842048
0.848109
0.854158
0.856659
0.854164
0.848149
0.842142
0.839657
0.842139
0.848122
0.854102
0.856577
0.854104
0.848135
0.842169
0.839698
0.842169
0.848135
0.854104
0.856577
0.854102
0.848122
0.842138
0.839657
0.842142
0.848148
0.854164
0.856659
0.854158
0.848109
0.842048
0.839533
0.842057
0.848163
0.854285
0.856827
0.854275
0.848095
0.841895
0.839319
0.841908
0.848178
0.854473
0.857089
0.854457
0.848077
0.841669
0.839003
0.841687
0.848196
0.854738
0.857461
0.854717
0.848058
0.841359
0.83857
0.841384
0.848218
0.855097
0.857964
0.855069
0.848033
0.840946
0.83799
0.840978
0.848245
0.855572
0.858631
0.855535
0.848001
0.8404
0.837224
0.840443
0.848282
0.856201
0.859512
0.856152
0.847959
0.839677
0.83621
0.839733
0.848333
0.857037
0.860684
0.856971
0.847898
0.838704
0.834846
0.838781
0.848406
0.858175
0.862278
0.858084
0.847809
0.837361
0.832967
0.837469
0.84852
0.859773
0.864516
0.859644
0.847662
0.835434
0.830269
0.835593
0.848712
0.862136
0.867818
0.861937
0.847404
0.832486
0.826153
0.83274
0.849071
0.865902
0.873076
0.86557
0.846877
0.827518
0.819226
0.827973
0.849884
0.872734
0.882587
0.872075
0.845527
0.81757
0.805398
0.818604
0.852382
0.888499
0.904475
0.886654
0.840073
0.788889
0.765575
0.793072
0.868399
0.956648
1
0.939408
0.740147
0.4098
-2.0164e-06
-0.409804
-0.740149
-0.939407
-0.999997
-0.956644
-0.868395
-0.793069
-0.765573
-0.788888
-0.840071
-0.886652
-0.904472
-0.888496
-0.852379
-0.8186
-0.805395
-0.817567
-0.845524
-0.872073
-0.882584
-0.872731
-0.849881
-0.82797
-0.819223
-0.827514
-0.846875
-0.865567
-0.873073
-0.8659
-0.849069
-0.832738
-0.826151
-0.832485
-0.847402
-0.861934
-0.867813
-0.862131
-0.848708
-0.835589
-0.830267
-0.835432
-0.847661
-0.859642
-0.864514
-0.859771
-0.848517
-0.837466
-0.832964
-0.837359
-0.847806
-0.858082
-0.862276
-0.858172
-0.848403
-0.838778
-0.834843
-0.838702
-0.847896
-0.856969
-0.860682
-0.857035
-0.84833
-0.83973
-0.836207
-0.839674
-0.847956
-0.856149
-0.859508
-0.856197
-0.848279
-0.84044
-0.837222
-0.840398
-0.847999
-0.855533
-0.858628
-0.85557
-0.848243
-0.840977
-0.837989
-0.840945
-0.848032
-0.855067
-0.857961
-0.855094
-0.848215
-0.841381
-0.838568
-0.841358
-0.848056
-0.854715
-0.85746
-0.854736
-0.848194
-0.841685
-0.839001
-0.841668
-0.848076
-0.854455
-0.857088
-0.854471
-0.848176
-0.841905
-0.839315
-0.841891
-0.848091
-0.854271
-0.856824
-0.854281
-0.848159
-0.842053
-0.83953
-0.842046
-0.848107
-0.854156
-0.856656
-0.854162
-0.848146
-0.842139
-0.839655
-0.842136
-0.848121
-0.854099
-0.856574
-0.8541
-0.848132
-0.842166
-0.839695
-0.842167
-0.848134
-0.854102
-0.856575
-0.854099
-0.848119
-0.842135
-0.839654
-0.842139
-0.848145
-0.854161
-0.856656
-0.854156
-0.848108
-0.842046
-0.839531
-0.842055
-0.84816
-0.854283
-0.856826
-0.854272
-0.848092
-0.841893
-0.839316
-0.841905
-0.848175
-0.85447
-0.857088
-0.854454
-0.848074
-0.841666
-0.839001
-0.841684
-0.848193
-0.854735
-0.857457
-0.854714
-0.848054
-0.841356
-0.838567
-0.841382
-0.848217
-0.855094
-0.857962
-0.855065
-0.848031
-0.840943
-0.837985
-0.840975
-0.848243
-0.855569
-0.858626
-0.855531
-0.847999
-0.840397
-0.837221
-0.840441
-0.848281
-0.856198
-0.859509
-0.85615
-0.847958
-0.839674
-0.836208
-0.83973
-0.84833
-0.857035
-0.860681
-0.856968
-0.847896
-0.838699
-0.834844
-0.838777
-0.848404
-0.858173
-0.862277
-0.858082
-0.847805
-0.83736
-0.832965
-0.837468
-0.848517
-0.859772
-0.864514
-0.85964
-0.847659
-0.835431
-0.830268
-0.835591
-0.848708
-0.862133
-0.867815
-0.861934
-0.847401
-0.832484
-0.826151
-0.832736
-0.849068
-0.865899
-0.873074
-0.865567
-0.846875
-0.827515
-0.819224
-0.827971
-0.849881
-0.872733
-0.882585
-0.872073
-0.845524
-0.817567
-0.805396
-0.818602
-0.85238
-0.888497
-0.904473
-0.88665
-0.84007
-0.788885
-0.765572
-0.79307
-0.868399
-0.956647
-1
-0.939404
-0.740141
-0.409795
