2.57476e-07
0.74017
1
0.86846
0.765718
0.8401
0.904365
0.852443
0.805647
0.845554
0.882371
0.849945
0.819582
0.846904
0.872752
0.849133
0.82662
0.847431
0.867382
0.848773
0.830849
0.847688
0.863967
0.848582
0.833664
0.847833
0.861608
0.848469
0.835667
0.847922
0.859887
0.848397
0.837161
0.847982
0.858579
0.848349
0.838315
0.848022
0.857553
0.848314
0.839231
0.848052
0.856731
0.848288
0.839974
0.848074
0.856058
0.848269
0.840586
0.848091
0.8555
0.848253
0.841096
0.848105
0.855031
0.848242
0.841528
0.848116
0.854633
0.848232
0.841896
0.848124
0.854293
0.848224
0.842211
0.848131
0.853999
0.848218
0.842484
0.848137
0.853746
0.848212
0.84272
0.848142
0.853527
0.848208
0.842925
0.848147
0.853335
0.848203
0.843103
0.848151
0.853169
0.8482
0.843259
0.848154
0.853024
0.848197
0.843393
0.848157
0.852899
0.848195
0.84351
0.84816
0.85279
0.848192
0.843611
0.848162
0.852698
0.848189
0.843696
0.848164
0.852619
0.848187
0.843768
0.848165
0.852553
0.848186
0.843827
0.848167
0.852499
0.848183
0.843876
0.848169
0.852457
0.848181
0.843912
0.848172
0.852426
0.848179
0.843937
0.848174
0.852406
0.848178
0.843953
0.848175
0.852395
0.848176
0.843958
0.848177
0.852396
0.848175
0.843953
0.848177
0.852405
0.848174
0.843937
0.848179
0.852426
0.848172
0.843911
0.848181
0.852458
0.84817
0.843875
0.848183
0.8525
0.848168
0.843828
0.848186
0.852553
0.848166
0.843768
0.848188
0.852618
0.848164
0.843696
0.848189
0.852697
0.848162
0.84361
0.848191
0.852789
0.848159
0.843509
0.848194
0.852898
0.848157
0.843393
0.848196
0.853024
0.848154
0.843259
0.8482
0.853168
0.84815
0.843103
0.848203
0.853335
0.848146
0.842925
0.848207
0.853525
0.848142
0.84272
0.848212
0.853745
0.848137
0.842484
0.848219
0.854
0.848131
0.842211
0.848225
0.854293
0.848124
0.841895
0.848233
0.854632
0.848116
0.841528
0.848242
0.855031
0.848104
0.841097
0.848253
0.855499
0.848091
0.840586
0.848269
0.856059
0.848074
0.839974
0.848287
0.856731
0.848052
0.839231
0.848314
0.857555
0.848024
0.838316
0.848349
0.858578
0.84798
0.837161
0.848398
0.859887
0.847922
0.835667
0.84847
0.861608
0.847833
0.833665
0.848583
0.863966
0.847687
0.83085
0.848773
0.867382
0.84743
0.82662
0.849133
0.872751
0.846904
0.819583
0.849946
0.88237
0.845554
0.805647
0.852444
0.904365
0.840099
0.76572
0.868462
1
0.740166
-5.51969e-06
-0.740173
-1
-0.868459
-0.765719
-0.8401
-0.904365
-0.852442
-0.805647
-0.845555
-0.882371
-0.849945
-0.819582
-0.846904
-0.87275
-0.849131
-0.82662
-0.847429
-0.86738
-0.848771
-0.830848
-0.847688
-0.863966
-0.848582
-0.833664
-0.847831
-0.861607
-0.848468
-0.835668
-0.847923
-0.859886
-0.848397
-0.83716
-0.847982
-0.858578
-0.848348
-0.838313
-0.848021
-0.857553
-0.848312
-0.83923
-0.848052
-0.856732
-0.848289
-0.839974
-0.848073
-0.856057
-0.848267
-0.840584
-0.848091
-0.8555
-0.848253
-0.841096
-0.848104
-0.855031
-0.848242
-0.841527
-0.848115
-0.854633
-0.848232
-0.841895
-0.848124
-0.854292
-0.848224
-0.84221
-0.848131
-0.853997
-0.848216
-0.842483
-0.848137
-0.853745
-0.848211
-0.842719
-0.848143
-0.853526
-0.848206
-0.842924
-0.848147
-0.853334
-0.848204
-0.843104
-0.848152
-0.85317
-0.8482
-0.843258
-0.848154
-0.853023
-0.848196
-0.843393
-0.848157
-0.852898
-0.848194
-0.84351
-0.848159
-0.852791
-0.848192
-0.84361
-0.848162
-0.852697
-0.848188
-0.843695
-0.848166
-0.852619
-0.848186
-0.843766
-0.848164
-0.852553
-0.848184
-0.843826
-0.848165
-0.852498
-0.848183
-0.843875
-0.848169
-0.852456
-0.848181
-0.843912
-0.848173
-0.852427
-0.848179
-0.843937
-0.848173
-0.852405
-0.848177
-0.843952
-0.848173
-0.852393
-0.848175
-0.843957
-0.848176
-0.852396
-0.848173
-0.843952
-0.848178
-0.852405
-0.848173
-0.843936
-0.848178
-0.852424
-0.84817
-0.843911
-0.848182
-0.852459
-0.848171
-0.843875
-0.848183
-0.852499
-0.848171
-0.843829
-0.848183
-0.852552
-0.848168
-0.843769
-0.848186
-0.852616
-0.848163
-0.843698
-0.848188
-0.852695
-0.848161
-0.843609
-0.848191
-0.852789
-0.848158
-0.843508
-0.848192
-0.852896
-0.848155
-0.843392
-0.848196
-0.853025
-0.848154
-0.843259
-0.848199
-0.853168
-0.848149
-0.843101
-0.848203
-0.853333
-0.848145
-0.842923
-0.848204
-0.853526
-0.848141
-0.842719
-0.848213
-0.853746
-0.848137
-0.842484
-0.848219
-0.854001
-0.848131
-0.84221
-0.848223
-0.854293
-0.848124
-0.841895
-0.848229
-0.854631
-0.848112
-0.841527
-0.84824
-0.855031
-0.848104
-0.841096
-0.848253
-0.855499
-0.84809
-0.840584
-0.848268
-0.856059
-0.848075
-0.839972
-0.848286
-0.85673
-0.848051
-0.839231
-0.848315
-0.857553
-0.848022
-0.838317
-0.848348
-0.858577
-0.847981
-0.837162
-0.848396
-0.859885
-0.847921
-0.835667
-0.848469
-0.861607
-0.847833
-0.833665
-0.848583
-0.863965
-0.847687
-0.83085
-0.848774
-0.867382
-0.847429
-0.826619
-0.849133
-0.872752
-0.846902
-0.819581
-0.849944
-0.88237
-0.845552
-0.805645
-0.852444
-0.904368
-0.8401
-0.765721
-0.868462
-0.999997
-0.740161
