0
7.11209e-07
5.68967e-06
1.91998e-05
4.55002e-05
8.8838e-05
0.000153449
0.000243543
0.000363336
0.000516997
0.000708674
0.000942501
0.00122257
0.00155292
0.0019376
0.00238054
0.00288572
0.00345701
0.00409825
0.00481322
0.00560565
0.00647918
0.00743748
0.00848401
0.00962231
0.0108558
0.0121878
0.0136215
0.0151601
0.0168068
0.0185645
0.0204362
0.0224247
0.0245328
0.0267631
0.0291183
0.0316007
0.0342128
0.0369569
0.039835
0.0428493
0.0460017
0.0492941
0.0527283
0.0563058
0.0600282
0.0638968
0.067913
0.072078
0.0763927
0.0808583
0.0854753
0.0902445
0.0951666
0.100242
0.105471
0.110854
0.11639
0.122081
0.127925
0.133922
0.140072
0.146374
0.152829
0.159434
0.166188
0.173092
0.180143
0.187341
0.194683
0.202169
0.209796
0.217563
0.225468
0.233508
0.241682
0.249987
0.258421
0.266981
0.275665
0.284469
0.293391
0.302428
0.311577
0.320834
0.330195
0.339659
0.349221
0.358877
0.368623
0.378456
0.388372
0.398366
0.408435
0.418574
0.428779
0.439045
0.449368
0.459743
0.470165
0.480631
0.491134
0.501671
0.512235
0.522823
0.533428
0.544046
0.554672
0.565299
0.575924
0.58654
0.597142
0.607724
0.618282
0.628809
0.6393
0.649749
0.660151
0.670499
0.680789
0.691015
0.70117
0.71125
0.721248
0.731159
0.740976
0.750695
0.760309
0.769813
0.779201
0.788468
0.797607
0.806614
0.815481
0.824205
0.832779
0.841198
0.849456
0.857549
0.865469
0.873214
0.880776
0.888151
0.895334
0.902319
0.909102
0.915677
0.92204
0.928187
0.934111
0.939809
0.945276
0.950508
0.9555
0.960248
0.964748
0.968995
0.972987
0.976718
0.980185
0.983385
0.986313
0.988968
0.991344
0.99344
0.995251
0.996776
0.998011
0.998953
0.9996
0.99995
1
0.999748
0.999192
0.998331
0.997162
0.995684
0.993895
0.991794
0.98938
0.986652
0.98361
0.980251
0.976576
0.972584
0.968276
0.96365
0.958707
0.953447
0.947871
0.941978
0.93577
0.929247
0.92241
0.91526
0.907799
0.900028
0.891948
0.883562
0.87487
0.865875
0.856579
0.846985
0.837094
0.82691
0.816435
0.805671
0.794623
0.783293
0.771684
0.759799
0.747644
0.73522
0.722533
0.709585
0.696381
0.682925
0.669222
0.655277
0.641092
0.626674
0.612028
0.597157
0.582068
0.566765
0.551254
0.535539
0.519628
0.503524
0.487235
0.470765
0.45412
0.437308
0.420332
0.403201
0.385919
0.368493
0.35093
0.333236
0.315417
0.29748
0.279432
0.26128
0.243029
0.224687
0.206261
0.187758
0.169184
0.150546
0.131852
0.113108
0.094322
0.0755001
0.0566502
0.0377786
0.0188928
-1.34598e-07
-0.0188931
-0.0377789
-0.0566505
-0.0755004
-0.0943222
-0.113109
-0.131852
-0.150547
-0.169184
-0.187758
-0.206262
-0.224688
-0.243029
-0.26128
-0.279433
-0.297481
-0.315417
-0.333236
-0.35093
-0.368493
-0.385919
-0.403201
-0.420333
-0.437308
-0.454121
-0.470765
-0.487235
-0.503525
-0.519628
-0.53554
-0.551254
-0.566765
-0.582068
-0.597157
-0.612028
-0.626675
-0.641093
-0.655277
-0.669223
-0.682926
-0.696381
-0.709585
-0.722533
-0.735221
-0.747644
-0.7598
-0.771684
-0.783293
-0.794623
-0.805671
-0.816435
-0.82691
-0.837094
-0.846985
-0.856579
-0.865875
-0.87487
-0.883562
-0.891948
-0.900028
-0.907799
-0.91526
-0.92241
-0.929247
-0.93577
-0.941978
-0.947871
-0.953447
-0.958707
-0.96365
-0.968276
-0.972584
-0.976576
-0.980251
-0.98361
-0.986652
-0.98938
-0.991794
-0.993895
-0.995684
-0.997162
-0.998331
-0.999193
-0.999748
-1
-0.99995
-0.9996
-0.998953
-0.998011
-0.996776
-0.995251
-0.99344
-0.991344
-0.988968
-0.986313
-0.983385
-0.980185
-0.976718
-0.972987
-0.968995
-0.964748
-0.960248
-0.9555
-0.950508
-0.945276
-0.939809
-0.934111
-0.928187
-0.92204
-0.915677
-0.909102
-0.902319
-0.895334
-0.888151
-0.880776
-0.873214
-0.865469
-0.857549
-0.849456
-0.841198
-0.832779
-0.824205
-0.815481
-0.806613
-0.797607
-0.788468
-0.779201
-0.769813
-0.760309
-0.750695
-0.740976
-0.731158
-0.721248
-0.71125
-0.70117
-0.691015
-0.680789
-0.670499
-0.660151
-0.649749
-0.6393
-0.628809
-0.618282
-0.607724
-0.597141
-0.58654
-0.575924
-0.565299
-0.554671
-0.544046
-0.533428
-0.522822
-0.512235
-0.501671
-0.491134
-0.480631
-0.470165
-0.459743
-0.449367
-0.439044
-0.428778
-0.418574
-0.408435
-0.398366
-0.388371
-0.378456
-0.368623
-0.358877
-0.349221
-0.339659
-0.330195
-0.320833
-0.311576
-0.302428
-0.293391
-0.284469
-0.275664
-0.266981
-0.258421
-0.249987
-0.241682
-0.233508
-0.225468
-0.217563
-0.209796
-0.202169
-0.194683
-0.187341
-0.180143
-0.173092
-0.166188
-0.159433
-0.152828
-0.146375
-0.140072
-0.133922
-0.127924
-0.12208
-0.11639
-0.110854
-0.105471
-0.100242
-0.0951665
-0.0902444
-0.0854751
-0.0808581
-0.0763926
-0.072078
-0.067913
-0.0638968
-0.0600281
-0.0563058
-0.0527282
-0.0492941
-0.0460017
-0.0428492
-0.0398349
-0.0369568
-0.0342127
-0.0316007
-0.0291182
-0.0267632
-0.0245328
-0.0224247
-0.0204362
-0.0185645
-0.0168067
-0.0151601
-0.0136214
-0.0121877
-0.0108558
-0.00962229
-0.00848399
-0.00743743
-0.00647916
-0.00560565
-0.00481322
-0.00409825
-0.00345701
-0.00288573
-0.00238054
-0.00193759
-0.00155291
-0.00122257
-0.000942501
-0.000708674
-0.000516992
-0.00036333
-0.000243543
-0.000153443
-8.8838e-05
-4.55002e-05
-1.91998e-05
-5.68967e-06
-7.11926e-07
