0
2.01661e-06
1.61256e-05
5.43845e-05
0.00012878
0.000251202
0.000433398
0.000686934
0.00102319
0.00145331
0.00198815
0.00263827
0.00341392
0.00432497
0.00538093
0.00659081
0.00796329
0.00950651
0.0112282
0.0131354
0.0152348
0.0175324
0.0200338
0.0227439
0.0256668
0.0288064
0.0321657
0.0357471
0.0395523
0.0435824
0.047838
0.0523187
0.0570238
0.0619516
0.0671001
0.0724663
0.0780467
0.0838373
0.0898333
0.0960292
0.102419
0.108997
0.115754
0.122685
0.12978
0.13703
0.144427
0.151961
0.159621
0.167398
0.175279
0.183255
0.191314
0.199442
0.20763
0.215863
0.22413
0.232418
0.240714
0.249005
0.257278
0.265521
0.273721
0.281864
0.289938
0.29793
0.305828
0.31362
0.321294
0.328838
0.33624
0.34349
0.350577
0.357491
0.364222
0.370761
0.377099
0.383228
0.389139
0.394827
0.400284
0.405505
0.410485
0.415218
0.419701
0.423932
0.427907
0.431624
0.435084
0.438285
0.441228
0.443915
0.446348
0.448529
0.450462
0.452151
0.453601
0.454819
0.455811
0.456583
0.457144
0.457503
0.457669
0.457652
0.457462
0.45711
0.456609
0.45597
0.455206
0.454332
0.453359
0.452303
0.451178
0.449998
0.44878
0.447538
0.446289
0.445047
0.44383
0.442652
0.441531
0.440482
0.439522
0.438667
0.437932
0.437334
0.436888
0.436609
0.436513
0.436614
0.436926
0.437464
0.438241
0.439269
0.440562
0.44213
0.443985
0.446138
0.448597
0.451373
0.454473
0.457905
0.461675
0.465789
0.470251
0.475066
0.480237
0.485765
0.491652
0.497897
0.5045
0.511458
0.518768
0.526426
0.534427
0.542765
0.551432
0.560419
0.569718
0.579319
0.589208
0.599375
0.609805
0.620484
0.631397
0.642527
0.653856
0.665367
0.677041
0.688856
0.700793
0.712831
0.724946
0.737116
0.749317
0.761526
0.773717
0.785864
0.797943
0.809927
0.821789
0.833503
0.845041
0.856376
0.867481
0.878327
0.888888
0.899135
0.909041
0.918578
0.92772
0.936438
0.944707
0.9525
0.959791
0.966554
0.972764
0.978398
0.983431
0.98784
0.991603
0.994698
0.997104
0.998803
0.999774
1
0.999464
0.998151
0.996045
0.993133
0.989403
0.984844
0.979445
0.973198
0.966096
0.958133
0.949304
0.939606
0.929036
0.917596
0.905284
0.892105
0.87806
0.863157
0.8474
0.830799
0.813362
0.795101
0.776028
0.756155
0.735499
0.714075
0.691901
0.668996
0.64538
0.621074
0.596101
0.570485
0.54425
0.517422
0.490029
0.462097
0.433656
0.404737
0.375368
0.345583
0.315412
0.284889
0.254047
0.22292
0.191542
0.15995
0.128177
0.0962596
0.0642334
0.0321348
-1.76931e-07
-0.0321351
-0.0642338
-0.09626
-0.128177
-0.15995
-0.191543
-0.22292
-0.254047
-0.284889
-0.315413
-0.345583
-0.375369
-0.404737
-0.433657
-0.462097
-0.490029
-0.517422
-0.54425
-0.570485
-0.596101
-0.621074
-0.64538
-0.668996
-0.691901
-0.714075
-0.735499
-0.756155
-0.776028
-0.795101
-0.813363
-0.830799
-0.8474
-0.863157
-0.87806
-0.892105
-0.905284
-0.917596
-0.929037
-0.939606
-0.949304
-0.958133
-0.966096
-0.973198
-0.979445
-0.984844
-0.989403
-0.993133
-0.996045
-0.998151
-0.999464
-1
-0.999774
-0.998803
-0.997104
-0.994698
-0.991603
-0.98784
-0.983431
-0.978398
-0.972764
-0.966554
-0.959791
-0.9525
-0.944707
-0.936438
-0.92772
-0.918578
-0.909041
-0.899135
-0.888888
-0.878327
-0.867481
-0.856376
-0.845041
-0.833503
-0.821789
-0.809927
-0.797943
-0.785864
-0.773717
-0.761526
-0.749317
-0.737116
-0.724946
-0.712831
-0.700793
-0.688856
-0.677041
-0.665367
-0.653856
-0.642527
-0.631397
-0.620484
-0.609805
-0.599375
-0.589208
-0.579319
-0.569719
-0.560419
-0.551432
-0.542765
-0.534427
-0.526426
-0.518768
-0.511458
-0.5045
-0.497897
-0.491652
-0.485765
-0.480237
-0.475066
-0.470251
-0.465789
-0.461675
-0.457905
-0.454473
-0.451373
-0.448597
-0.446138
-0.443985
-0.44213
-0.440562
-0.439269
-0.438241
-0.437464
-0.436926
-0.436614
-0.436513
-0.436609
-0.436888
-0.437334
-0.437932
-0.438667
-0.439522
-0.440482
-0.441531
-0.442652
-0.443829
-0.445047
-0.446289
-0.447538
-0.44878
-0.449998
-0.451178
-0.452303
-0.453359
-0.454332
-0.455206
-0.45597
-0.456609
-0.45711
-0.457461
-0.457652
-0.457669
-0.457503
-0.457144
-0.456583
-0.455811
-0.454819
-0.453601
-0.45215
-0.450461
-0.448528
-0.446347
-0.443915
-0.441228
-0.438285
-0.435084
-0.431624
-0.427906
-0.423932
-0.419701
-0.415218
-0.410485
-0.405505
-0.400284
-0.394827
-0.389139
-0.383227
-0.377099
-0.370761
-0.364222
-0.357491
-0.350577
-0.34349
-0.33624
-0.328837
-0.321294
-0.31362
-0.305828
-0.29793
-0.289938
-0.281863
-0.273721
-0.265521
-0.257278
-0.249005
-0.240714
-0.232418
-0.22413
-0.215863
-0.207629
-0.199442
-0.191313
-0.183255
-0.175279
-0.167397
-0.159621
-0.151961
-0.144427
-0.13703
-0.12978
-0.122685
-0.115754
-0.108997
-0.102419
-0.0960291
-0.0898332
-0.0838372
-0.0780466
-0.0724662
-0.0671001
-0.0619516
-0.0570237
-0.0523187
-0.0478379
-0.0435823
-0.0395522
-0.0357472
-0.0321658
-0.0288066
-0.025667
-0.022744
-0.020034
-0.0175326
-0.0152348
-0.0131354
-0.0112282
-0.00950652
-0.00796329
-0.0065908
-0.0053809
-0.00432497
-0.00341391
-0.00263826
-0.00198813
-0.00145369
-0.00102358
-0.000687334
-0.000433496
-0.000251304
-0.000128883
-5.4487e-05
-1.6228e-05
-2.1215e-06
