-7.12213e-08
6.55069e-06
5.28162e-05
0.000177949
0.000420312
0.000817044
0.00140362
0.00221347
0.00327768
0.00462457
0.00627943
0.00826431
0.0105977
0.0132943
0.016365
0.0198165
0.0236518
0.0278693
0.0324636
0.0374251
0.0427402
0.0483916
0.0543584
0.060616
0.0671369
0.0738905
0.0808439
0.0879618
0.095207
0.102541
0.109924
0.117317
0.124677
0.131967
0.139145
0.146174
0.153017
0.159638
0.166006
0.172089
0.177862
0.183299
0.188382
0.193093
0.19742
0.201354
0.204891
0.208031
0.210779
0.213143
0.215135
0.216772
0.218076
0.219069
0.219781
0.220241
0.220484
0.220546
0.220465
0.220281
0.220036
0.219771
0.21953
0.219354
0.219287
0.219368
0.219638
0.220134
0.220893
0.221946
0.223325
0.225056
0.227162
0.229661
0.23257
0.235898
0.239652
0.243833
0.248439
0.253462
0.25889
0.264707
0.270891
0.277418
0.284259
0.291381
0.29875
0.306326
0.314069
0.321935
0.32988
0.337857
0.345821
0.353724
0.36152
0.369162
0.376607
0.383812
0.390736
0.397341
0.403593
0.409461
0.414917
0.419937
0.424505
0.428605
0.432228
0.435371
0.438035
0.440225
0.441954
0.443239
0.444099
0.444563
0.44466
0.444426
0.4439
0.443124
0.442144
0.441008
0.439768
0.438475
0.437182
0.435944
0.434815
0.433849
0.433097
0.432611
0.432438
0.432625
0.433214
0.434244
0.435749
0.437758
0.440297
0.443384
0.447034
0.451254
0.456045
0.461404
0.46732
0.473776
0.48075
0.488213
0.496131
0.504464
0.513169
0.522194
0.531488
0.540992
0.550646
0.560388
0.570152
0.579872
0.589481
0.598913
0.608101
0.616981
0.62549
0.633569
0.641162
0.648216
0.654686
0.660528
0.665707
0.670193
0.673965
0.677007
0.67931
0.680875
0.681708
0.681827
0.681253
0.680019
0.678163
0.675733
0.672781
0.669369
0.665563
0.661436
0.657065
0.652533
0.647925
0.643331
0.638841
0.634548
0.630544
0.626921
0.623769
0.621178
0.619231
0.618008
0.617585
0.61803
0.619405
0.621764
0.625152
0.629606
0.635152
0.641804
0.649567
0.658436
0.668391
0.679403
0.691428
0.704413
0.718291
0.732985
0.748405
0.764451
0.781013
0.797969
0.815189
0.832535
0.849863
0.867018
0.883843
0.900177
0.915851
0.9307
0.944554
0.957244
0.968604
0.978469
0.98668
0.993082
0.997528
0.999878
1
0.997774
0.993092
0.985857
0.975983
0.963402
0.948058
0.929911
0.908937
0.885129
0.858495
0.82906
0.796866
0.761973
0.724455
0.684404
0.641926
0.597144
0.550195
0.501228
0.450406
0.397905
0.34391
0.288616
0.232226
0.174952
0.117008
0.0586164
-4.83639e-07
-0.0586174
-0.117009
-0.174953
-0.232227
-0.288617
-0.343911
-0.397906
-0.450407
-0.501229
-0.550196
-0.597145
-0.641927
-0.684404
-0.724456
-0.761974
-0.796867
-0.82906
-0.858495
-0.885129
-0.908938
-0.929911
-0.948058
-0.963402
-0.975983
-0.985857
-0.993093
-0.997775
-1
-0.999878
-0.997528
-0.993083
-0.98668
-0.978469
-0.968604
-0.957244
-0.944554
-0.9307
-0.915851
-0.900176
-0.883843
-0.867018
-0.849863
-0.832535
-0.815189
-0.797968
-0.781012
-0.764451
-0.748405
-0.732985
-0.718291
-0.704413
-0.691428
-0.679403
-0.668391
-0.658436
-0.649567
-0.641804
-0.635152
-0.629606
-0.625153
-0.621764
-0.619405
-0.61803
-0.617585
-0.618008
-0.619231
-0.621178
-0.62377
-0.626921
-0.630544
-0.634548
-0.638841
-0.643331
-0.647925
-0.652533
-0.657065
-0.661436
-0.665563
-0.669369
-0.672781
-0.675733
-0.678163
-0.680019
-0.681253
-0.681827
-0.681709
-0.680875
-0.67931
-0.677007
-0.673966
-0.670194
-0.665707
-0.660528
-0.654686
-0.648216
-0.641162
-0.63357
-0.625491
-0.616981
-0.608101
-0.598913
-0.589481
-0.579872
-0.570152
-0.560388
-0.550646
-0.540992
-0.531488
-0.522194
-0.513169
-0.504464
-0.496131
-0.488213
-0.48075
-0.473776
-0.46732
-0.461404
-0.456045
-0.451254
-0.447034
-0.443385
-0.440297
-0.437759
-0.435749
-0.434244
-0.433215
-0.432625
-0.432438
-0.432611
-0.433097
-0.433849
-0.434816
-0.435945
-0.437182
-0.438475
-0.439768
-0.441008
-0.442144
-0.443124
-0.4439
-0.444426
-0.44466
-0.444563
-0.444099
-0.443239
-0.441955
-0.440225
-0.438035
-0.435371
-0.432228
-0.428605
-0.424504
-0.419937
-0.414917
-0.409461
-0.403593
-0.397341
-0.390736
-0.383812
-0.376607
-0.369162
-0.361519
-0.353724
-0.34582
-0.337857
-0.329879
-0.321935
-0.314069
-0.306326
-0.29875
-0.291381
-0.284258
-0.277418
-0.270891
-0.264707
-0.25889
-0.253462
-0.248439
-0.243833
-0.239652
-0.235898
-0.23257
-0.229661
-0.227162
-0.225056
-0.223325
-0.221946
-0.220893
-0.220134
-0.219638
-0.219368
-0.219287
-0.219354
-0.21953
-0.219771
-0.220036
-0.220281
-0.220465
-0.220546
-0.220484
-0.220241
-0.219781
-0.219069
-0.218076
-0.216772
-0.215135
-0.213143
-0.210779
-0.208032
-0.204891
-0.201354
-0.19742
-0.193094
-0.188383
-0.1833
-0.177862
-0.17209
-0.166006
-0.159638
-0.153017
-0.146174
-0.139146
-0.131967
-0.124678
-0.117317
-0.109925
-0.102541
-0.0952072
-0.0879622
-0.0808443
-0.0738909
-0.0671372
-0.0606161
-0.0543585
-0.0483918
-0.0427403
-0.0374251
-0.0324636
-0.0278693
-0.0236519
-0.0198166
-0.016365
-0.0132943
-0.0105977
-0.00826431
-0.00627942
-0.0046246
-0.00327796
-0.00221376
-0.00140339
-0.000817028
-0.000420288
-0.000177911
-5.27805e-05
-6.51452e-06
