-6.77862e-08
2.3705e-05
0.000188948
0.00063138
0.00147542
0.0028292
0.00478008
0.00739105
0.0106984
0.0147099
0.0194046
0.0247338
0.0306229
0.0369743
0.0436716
0.050584
0.057572
0.0644927
0.0712059
0.0775797
0.0834956
0.0888538
0.0935772
0.0976141
0.100941
0.103564
0.105516
0.106859
0.10768
0.108086
0.108203
0.108167
0.108123
0.108215
0.108582
0.109352
0.110637
0.11253
0.115097
0.118377
0.122382
0.127092
0.13246
0.138411
0.144846
0.151647
0.158678
0.165797
0.172855
0.179706
0.186211
0.192246
0.197705
0.202505
0.20659
0.209931
0.212534
0.214429
0.215679
0.216374
0.216624
0.21656
0.216327
0.216075
0.215957
0.216123
0.216709
0.217836
0.219604
0.222087
0.22533
0.229347
0.234121
0.239605
0.245719
0.252361
0.259405
0.266707
0.274114
0.281465
0.288601
0.295372
0.301642
0.307293
0.312231
0.316393
0.319747
0.32229
0.324057
0.325112
0.325551
0.325492
0.325078
0.324465
0.323822
0.323315
0.323111
0.323364
0.324209
0.325761
0.328104
0.331292
0.335346
0.340249
0.345951
0.352369
0.359389
0.366873
0.374659
0.382576
0.390443
0.39808
0.405313
0.411986
0.417963
0.423133
0.42742
0.430782
0.433213
0.434747
0.435455
0.435441
0.434841
0.433817
0.432549
0.431228
0.430053
0.429217
0.428901
0.429267
0.430454
0.432564
0.435668
0.439794
0.444928
0.451017
0.457966
0.465645
0.473891
0.482518
0.491319
0.500078
0.508578
0.516609
0.523978
0.530514
0.53608
0.540576
0.543943
0.546169
0.547287
0.547378
0.546564
0.545007
0.542903
0.540473
0.537954
0.535593
0.533633
0.532306
0.531822
0.532359
0.53406
0.537019
0.541283
0.546844
0.553643
0.561569
0.570461
0.580116
0.590295
0.600734
0.611152
0.621262
0.630783
0.639455
0.647044
0.653354
0.658241
0.661612
0.663435
0.663742
0.662627
0.660243
0.656801
0.652561
0.64782
0.642905
0.638161
0.633932
0.630552
0.628331
0.627539
0.628395
0.631059
0.635621
0.642097
0.650423
0.66046
0.671991
0.684736
0.698349
0.712443
0.726593
0.740357
0.753296
0.764983
0.775028
0.783093
0.788906
0.792277
0.793106
0.791392
0.78724
0.780855
0.772547
0.762714
0.751839
0.740471
0.729205
0.718666
0.709484
0.702266
0.697579
0.695921
0.697698
0.703203
0.712603
0.725918
0.743013
0.763596
0.787211
0.81325
0.840958
0.869449
0.897727
0.92471
0.949258
0.970203
0.98638
0.996664
1
0.99544
0.982169
0.959533
0.927065
0.884503
0.831798
0.769131
0.696904
0.615745
0.526486
0.430158
0.327955
0.221215
0.111388
-9.0435e-07
-0.11139
-0.221217
-0.327956
-0.430159
-0.526488
-0.615746
-0.696905
-0.769131
-0.831799
-0.884503
-0.927066
-0.959533
-0.982169
-0.99544
-1
-0.996663
-0.98638
-0.970203
-0.949258
-0.92471
-0.897726
-0.869448
-0.840958
-0.81325
-0.787211
-0.763595
-0.743013
-0.725918
-0.712603
-0.703203
-0.697698
-0.695921
-0.697579
-0.702266
-0.709484
-0.718666
-0.729205
-0.740471
-0.75184
-0.762715
-0.772547
-0.780856
-0.78724
-0.791393
-0.793106
-0.792277
-0.788906
-0.783093
-0.775028
-0.764983
-0.753296
-0.740357
-0.726593
-0.712443
-0.698349
-0.684735
-0.671991
-0.660459
-0.650423
-0.642097
-0.635622
-0.631059
-0.628395
-0.627539
-0.628331
-0.630552
-0.633932
-0.638161
-0.642906
-0.64782
-0.652561
-0.656801
-0.660243
-0.662627
-0.663743
-0.663435
-0.661612
-0.658241
-0.653355
-0.647044
-0.639455
-0.630783
-0.621262
-0.611152
-0.600735
-0.590295
-0.580116
-0.570461
-0.561569
-0.553644
-0.546844
-0.541283
-0.53702
-0.53406
-0.53236
-0.531822
-0.532306
-0.533633
-0.535593
-0.537954
-0.540473
-0.542904
-0.545008
-0.546564
-0.547378
-0.547287
-0.546169
-0.543943
-0.540576
-0.53608
-0.530514
-0.523978
-0.516609
-0.508578
-0.500079
-0.491319
-0.482518
-0.473892
-0.465645
-0.457966
-0.451017
-0.444928
-0.439794
-0.435668
-0.432564
-0.430453
-0.429267
-0.4289
-0.429217
-0.430054
-0.431228
-0.432549
-0.433817
-0.434841
-0.435441
-0.435455
-0.434747
-0.433213
-0.430781
-0.42742
-0.423134
-0.417964
-0.411987
-0.405314
-0.39808
-0.390444
-0.382577
-0.37466
-0.366873
-0.35939
-0.352369
-0.345951
-0.340249
-0.335346
-0.331292
-0.328104
-0.325761
-0.324209
-0.323364
-0.323111
-0.323315
-0.323821
-0.324465
-0.325077
-0.325491
-0.32555
-0.325112
-0.324057
-0.32229
-0.319746
-0.316393
-0.312231
-0.307292
-0.301642
-0.295372
-0.288601
-0.281464
-0.274113
-0.266707
-0.259405
-0.252361
-0.245719
-0.239605
-0.234122
-0.229347
-0.22533
-0.222087
-0.219604
-0.217836
-0.216709
-0.216123
-0.215958
-0.216075
-0.216327
-0.21656
-0.216624
-0.216374
-0.215679
-0.214429
-0.212533
-0.209932
-0.20659
-0.202505
-0.197705
-0.192246
-0.18621
-0.179705
-0.172855
-0.165797
-0.158678
-0.151647
-0.144846
-0.138411
-0.132461
-0.127093
-0.122382
-0.118377
-0.115097
-0.11253
-0.110638
-0.109352
-0.108582
-0.108215
-0.108124
-0.108167
-0.108203
-0.108086
-0.10768
-0.10686
-0.105517
-0.103565
-0.100942
-0.0976148
-0.0935774
-0.0888543
-0.0834957
-0.0775799
-0.0712059
-0.0644925
-0.057572
-0.0505839
-0.0436715
-0.036974
-0.0306228
-0.0247336
-0.0194045
-0.0147098
-0.0106986
-0.00739116
-0.00478004
-0.00282887
-0.00147545
-0.000630941
-0.000188974
-2.32337e-05
