0
8.95103e-05
0.000699194
0.00226766
0.00508315
0.00923839
0.0146159
0.0209064
0.0276571
0.0343431
0.0404489
0.0455501
0.0493792
0.0518686
0.0531604
0.0535852
0.0536098
0.0537643
0.0545592
0.0564051
0.0595482
0.0640313
0.069687
0.0761635
0.0829797
0.0896002
0.0955192
0.10034
0.103839
0.105997
0.107008
0.107244
0.107203
0.107424
0.108408
0.110537
0.114016
0.118835
0.124776
0.131444
0.138328
0.144881
0.150607
0.155139
0.158296
0.160111
0.16083
0.160872
0.160761
0.161051
0.162232
0.164658
0.168487
0.173658
0.179898
0.186766
0.193721
0.200202
0.205726
0.209953
0.212749
0.214202
0.214613
0.214447
0.214264
0.214627
0.216018
0.218759
0.222962
0.228508
0.235068
0.242151
0.249181
0.255587
0.260892
0.264791
0.267198
0.26826
0.268337
0.267947
0.267685
0.268128
0.269747
0.272832
0.277442
0.283398
0.290308
0.297626
0.304739
0.311061
0.316126
0.319664
0.321641
0.322271
0.321979
0.321341
0.320991
0.321522
0.323396
0.326863
0.331928
0.338343
0.345646
0.353227
0.360433
0.366661
0.371456
0.374585
0.376076
0.376215
0.375504
0.374584
0.374133
0.374766
0.37693
0.380837
0.386425
0.393368
0.401121
0.409008
0.416322
0.422441
0.42692
0.429574
0.430499
0.430066
0.428864
0.427612
0.427045
0.427797
0.430304
0.434729
0.440937
0.448505
0.456796
0.465046
0.472489
0.478476
0.482579
0.484662
0.484903
0.483778
0.481982
0.480329
0.479618
0.480516
0.483442
0.488504
0.495472
0.503813
0.512768
0.521467
0.529071
0.534895
0.538526
0.539892
0.539276
0.537279
0.534733
0.53257
0.531678
0.532761
0.536224
0.542102
0.550049
0.559387
0.569201
0.578486
0.586298
0.591908
0.59492
0.595342
0.593591
0.590438
0.586892
0.584048
0.582912
0.584245
0.588434
0.595422
0.604707
0.615411
0.626409
0.636502
0.644604
0.649915
0.652058
0.65115
0.64779
0.64299
0.638012
0.634187
0.632699
0.634397
0.63965
0.648273
0.65954
0.672281
0.685056
0.69637
0.704912
0.709765
0.710567
0.70759
0.701713
0.694313
0.687059
0.681662
0.679605
0.6819
0.688905
0.700245
0.714836
0.73103
0.746846
0.760272
0.769582
0.773623
0.772023
0.765293
0.75479
0.742549
0.730997
0.722589
0.719428
0.722905
0.733437
0.75034
0.771866
0.795398
0.817811
0.835916
0.846964
0.849108
0.841768
0.825832
0.803651
0.778807
0.755689
0.738894
0.732549
0.739629
0.761365
0.796831
0.842785
0.893783
0.942594
0.980872
1
0.992055
0.950734
0.872156
0.755445
0.602987
0.420361
0.215905
-1.57988e-06
-0.215908
-0.420364
-0.60299
-0.755447
-0.872158
-0.950735
-0.992056
-1
-0.980871
-0.942594
-0.893782
-0.842784
-0.796831
-0.761364
-0.739628
-0.732549
-0.738894
-0.755689
-0.778807
-0.803651
-0.825832
-0.841768
-0.849108
-0.846963
-0.835916
-0.81781
-0.795398
-0.771865
-0.75034
-0.733436
-0.722905
-0.719428
-0.722589
-0.730996
-0.742549
-0.75479
-0.765292
-0.772023
-0.773623
-0.769582
-0.760272
-0.746846
-0.73103
-0.714836
-0.700245
-0.688905
-0.6819
-0.679605
-0.681662
-0.687059
-0.694314
-0.701714
-0.707591
-0.710568
-0.709765
-0.704912
-0.69637
-0.685056
-0.672281
-0.659539
-0.648273
-0.63965
-0.634397
-0.632699
-0.634186
-0.638012
-0.642989
-0.64779
-0.651149
-0.652058
-0.649915
-0.644604
-0.636503
-0.626409
-0.615411
-0.604707
-0.595423
-0.588435
-0.584246
-0.582912
-0.584047
-0.586892
-0.590438
-0.593591
-0.595342
-0.59492
-0.591907
-0.586297
-0.578485
-0.569201
-0.559387
-0.55005
-0.542102
-0.536225
-0.532762
-0.531679
-0.532571
-0.534734
-0.537279
-0.539276
-0.539892
-0.538526
-0.534894
-0.52907
-0.521467
-0.512766
-0.503812
-0.495472
-0.488503
-0.483442
-0.480516
-0.479618
-0.480329
-0.481982
-0.483779
-0.484903
-0.484662
-0.482579
-0.478476
-0.472489
-0.465046
-0.456796
-0.448505
-0.440937
-0.434729
-0.430303
-0.427796
-0.427045
-0.427612
-0.428864
-0.430066
-0.430499
-0.429574
-0.42692
-0.42244
-0.416322
-0.409008
-0.401121
-0.393367
-0.386425
-0.380837
-0.376931
-0.374767
-0.374134
-0.374584
-0.375505
-0.376216
-0.376077
-0.374585
-0.371456
-0.366661
-0.360433
-0.353228
-0.345645
-0.338343
-0.331929
-0.326863
-0.323395
-0.321522
-0.32099
-0.32134
-0.321979
-0.32227
-0.32164
-0.319663
-0.316126
-0.311061
-0.304738
-0.297626
-0.290307
-0.283397
-0.277441
-0.272831
-0.269747
-0.268128
-0.267684
-0.267947
-0.268337
-0.268259
-0.267198
-0.264791
-0.260893
-0.255587
-0.249181
-0.242151
-0.235068
-0.228508
-0.222962
-0.21876
-0.216019
-0.214628
-0.214264
-0.214447
-0.214613
-0.214202
-0.212749
-0.209953
-0.205725
-0.200202
-0.19372
-0.186766
-0.179898
-0.173658
-0.168487
-0.164658
-0.162232
-0.161051
-0.160761
-0.160872
-0.16083
-0.160111
-0.158296
-0.155139
-0.150607
-0.144881
-0.138328
-0.131444
-0.124776
-0.118835
-0.114016
-0.110538
-0.108407
-0.107424
-0.107203
-0.107244
-0.107007
-0.105997
-0.103839
-0.100341
-0.095519
-0.0896002
-0.0829798
-0.0761639
-0.0696867
-0.064032
-0.0595486
-0.0564054
-0.0545589
-0.0537644
-0.05361
-0.0535856
-0.0531601
-0.051868
-0.049379
-0.0455492
-0.040448
-0.0343424
-0.027657
-0.0209061
-0.0146159
-0.00923778
-0.00508305
-0.00226731
-0.000698424
-8.93269e-05
