-6.52369e-08
0.000339728
0.0024737
0.00712967
0.0135363
0.0198815
0.024389
0.0263745
0.0266528
0.0270542
0.0293367
0.0341414
0.0406096
0.0468932
0.0512518
0.0530882
0.0533047
0.0537679
0.0561999
0.0611542
0.0676845
0.0739058
0.0781143
0.0798003
0.0799546
0.0804802
0.0830633
0.0881688
0.0947619
0.10092
0.104977
0.10651
0.106601
0.10719
0.109927
0.115186
0.121843
0.127937
0.131839
0.133217
0.133244
0.133897
0.136791
0.142207
0.148929
0.154958
0.158701
0.15992
0.159881
0.160601
0.163655
0.169232
0.176021
0.181983
0.185563
0.186618
0.186511
0.187299
0.190519
0.196262
0.203121
0.209013
0.212424
0.213311
0.213132
0.213992
0.217383
0.223299
0.23023
0.236049
0.239285
0.239996
0.239744
0.240677
0.244248
0.250344
0.257349
0.263094
0.266146
0.266672
0.266344
0.267355
0.271113
0.277398
0.284482
0.290147
0.293007
0.293339
0.29293
0.294022
0.297978
0.304464
0.31163
0.317211
0.319867
0.319993
0.319499
0.320677
0.324844
0.331542
0.338797
0.344288
0.346727
0.346634
0.346047
0.347319
0.351711
0.358635
0.365985
0.37138
0.373585
0.373257
0.372573
0.373943
0.378578
0.385747
0.393199
0.398491
0.400444
0.399861
0.399069
0.400549
0.405446
0.412881
0.420445
0.425624
0.427301
0.426439
0.425532
0.427129
0.432315
0.440042
0.447728
0.452782
0.454157
0.452989
0.451953
0.453681
0.459186
0.467235
0.475056
0.479973
0.481011
0.479503
0.478324
0.480198
0.486058
0.494468
0.50244
0.507204
0.507864
0.505972
0.504632
0.50667
0.512933
0.521751
0.529895
0.534482
0.534713
0.532385
0.530862
0.533087
0.53981
0.549097
0.557438
0.561824
0.561559
0.558726
0.556992
0.559435
0.566693
0.576525
0.585096
0.589245
0.5884
0.584975
0.58299
0.58569
0.593581
0.60406
0.612904
0.616771
0.615232
0.611098
0.608813
0.611824
0.620479
0.631741
0.640917
0.644441
0.642055
0.637051
0.634397
0.63779
0.647392
0.659626
0.669214
0.672309
0.668858
0.662758
0.659636
0.663516
0.674328
0.687809
0.69793
0.700468
0.69563
0.688095
0.684361
0.688886
0.701304
0.716454
0.72729
0.729074
0.722347
0.712845
0.708264
0.713686
0.728361
0.745867
0.757721
0.758418
0.748949
0.736565
0.730735
0.737502
0.755589
0.776703
0.790132
0.789118
0.775278
0.758239
0.750361
0.75938
0.783274
0.810642
0.82685
0.822726
0.800773
0.774869
0.762995
0.776597
0.812669
0.853634
0.876109
0.864515
0.822108
0.772514
0.749286
0.777433
0.855766
0.949717
1
0.944994
0.747693
0.415008
-3.29795e-06
-0.415014
-0.747697
-0.944996
-1
-0.949715
-0.855764
-0.777432
-0.749286
-0.772514
-0.82211
-0.864516
-0.876109
-0.853633
-0.812669
-0.776596
-0.762995
-0.77487
-0.800773
-0.822726
-0.82685
-0.810642
-0.783274
-0.75938
-0.750361
-0.758239
-0.775279
-0.789118
-0.790132
-0.776703
-0.755588
-0.737502
-0.730735
-0.736565
-0.748948
-0.758418
-0.757721
-0.745867
-0.728361
-0.713687
-0.708265
-0.712846
-0.722347
-0.729074
-0.72729
-0.716454
-0.701305
-0.688886
-0.684362
-0.688096
-0.695631
-0.700468
-0.697929
-0.687809
-0.674328
-0.663516
-0.659636
-0.662758
-0.668858
-0.67231
-0.669214
-0.659626
-0.647392
-0.637789
-0.634397
-0.637051
-0.642054
-0.644441
-0.640916
-0.631741
-0.620479
-0.611823
-0.608813
-0.6111
-0.615234
-0.616772
-0.612904
-0.60406
-0.593582
-0.585691
-0.582991
-0.584975
-0.5884
-0.589245
-0.585096
-0.576525
-0.566693
-0.559434
-0.556992
-0.558727
-0.56156
-0.561824
-0.557439
-0.549098
-0.539811
-0.533088
-0.530863
-0.532385
-0.534714
-0.534482
-0.529895
-0.521752
-0.512933
-0.50667
-0.504632
-0.505972
-0.507863
-0.507203
-0.50244
-0.494467
-0.486058
-0.480198
-0.478324
-0.479503
-0.481012
-0.479974
-0.475056
-0.467236
-0.459186
-0.453681
-0.451954
-0.45299
-0.454157
-0.452782
-0.447727
-0.440041
-0.432315
-0.427129
-0.425532
-0.42644
-0.427301
-0.425624
-0.420445
-0.41288
-0.405445
-0.400548
-0.399069
-0.399861
-0.400444
-0.398491
-0.3932
-0.385747
-0.378578
-0.373944
-0.372573
-0.373258
-0.373586
-0.371381
-0.365986
-0.358635
-0.351711
-0.347319
-0.346047
-0.346634
-0.346727
-0.344288
-0.338797
-0.331541
-0.324844
-0.320678
-0.319499
-0.319993
-0.319867
-0.317211
-0.31163
-0.304463
-0.297978
-0.294021
-0.292929
-0.293339
-0.293007
-0.290146
-0.284481
-0.277398
-0.271113
-0.267354
-0.266343
-0.266671
-0.266146
-0.263093
-0.257349
-0.250345
-0.244249
-0.240678
-0.239744
-0.239996
-0.239286
-0.23605
-0.23023
-0.2233
-0.217384
-0.213993
-0.213134
-0.213311
-0.212424
-0.209013
-0.203121
-0.196262
-0.190519
-0.187299
-0.186511
-0.186618
-0.185563
-0.181982
-0.176021
-0.169232
-0.163654
-0.160601
-0.159882
-0.159922
-0.158702
-0.154959
-0.148928
-0.142206
-0.136789
-0.133897
-0.133244
-0.133218
-0.131839
-0.127938
-0.121843
-0.115186
-0.109926
-0.10719
-0.106601
-0.106509
-0.104976
-0.10092
-0.0947625
-0.0881694
-0.0830632
-0.0804809
-0.0799548
-0.0798018
-0.0781142
-0.0739067
-0.0676844
-0.0611544
-0.0561995
-0.0537675
-0.0533049
-0.0530888
-0.0512518
-0.0468929
-0.0406102
-0.0341409
-0.0293361
-0.0270534
-0.0266524
-0.0263742
-0.0243897
-0.0198809
-0.0135381
-0.00712981
-0.00247302
-0.000340016
