6.47999e-08
0.00122037
0.00669687
0.0121213
0.0132894
0.0145619
0.0200905
0.0254627
0.0265787
0.0279034
0.0334842
0.0388042
0.0398679
0.0412449
0.0468781
0.0521457
0.0531569
0.0545864
0.0602722
0.0654871
0.0664456
0.067928
0.0736667
0.0788285
0.079734
0.0812695
0.0870614
0.09217
0.0930221
0.0946111
0.100457
0.105511
0.10631
0.107953
0.113852
0.118853
0.119597
0.121294
0.127248
0.132194
0.132883
0.134636
0.140645
0.145536
0.146169
0.147977
0.154043
0.158877
0.159454
0.161319
0.167441
0.172218
0.172738
0.174661
0.180841
0.18556
0.186021
0.188002
0.194241
0.198901
0.199303
0.201344
0.207642
0.212242
0.212584
0.214686
0.221045
0.225584
0.225864
0.228027
0.234449
0.238925
0.239142
0.241369
0.247854
0.252266
0.25242
0.254711
0.261261
0.265607
0.265695
0.268053
0.274669
0.278949
0.278969
0.281394
0.28808
0.29229
0.29224
0.294737
0.301492
0.305631
0.30551
0.308078
0.314906
0.318972
0.318777
0.32142
0.328324
0.332313
0.332042
0.334762
0.341743
0.345654
0.345304
0.348103
0.355165
0.358996
0.358563
0.361445
0.36859
0.372336
0.37182
0.374788
0.382019
0.385677
0.385072
0.388131
0.395452
0.399018
0.39832
0.401473
0.408888
0.412359
0.411565
0.414815
0.422328
0.4257
0.424805
0.428157
0.435775
0.43904
0.43804
0.441498
0.449225
0.452381
0.451268
0.454841
0.462682
0.465721
0.464491
0.468184
0.476146
0.479062
0.477707
0.481527
0.489617
0.492402
0.490915
0.49487
0.503097
0.505742
0.504114
0.508213
0.516585
0.519082
0.517304
0.521556
0.530083
0.532421
0.530482
0.534899
0.543594
0.54576
0.543648
0.548243
0.557117
0.5591
0.556801
0.561587
0.570656
0.572439
0.569936
0.574931
0.584212
0.585777
0.583054
0.588276
0.597789
0.599115
0.596149
0.601621
0.611387
0.612452
0.60922
0.614968
0.625014
0.625789
0.622261
0.628315
0.638674
0.639125
0.635266
0.641663
0.652372
0.65246
0.64823
0.655011
0.666115
0.665793
0.661142
0.668363
0.679916
0.679123
0.673991
0.681715
0.693787
0.692451
0.686761
0.695072
0.707747
0.705775
0.69943
0.708433
0.721823
0.719095
0.711967
0.7218
0.736048
0.732407
0.724332
0.735177
0.750476
0.745707
0.736457
0.748568
0.765189
0.758989
0.748241
0.761981
0.780317
0.772241
0.759513
0.775436
0.796085
0.785436
0.769968
0.788969
0.812918
0.798519
0.778999
0.802673
0.831718
0.811331
0.785203
0.816833
0.854796
0.823313
0.784464
0.832689
0.890331
0.831163
0.757557
0.862157
1
0.743902
-6.05419e-06
-0.74391
-1
-0.862154
-0.757557
-0.831164
-0.890331
-0.832688
-0.784464
-0.823313
-0.854796
-0.816832
-0.785202
-0.81133
-0.831718
-0.802673
-0.778999
-0.798519
-0.812918
-0.788968
-0.769968
-0.785437
-0.796086
-0.775435
-0.759513
-0.77224
-0.780316
-0.76198
-0.748241
-0.75899
-0.765189
-0.748567
-0.736457
-0.745706
-0.750475
-0.735177
-0.724332
-0.732407
-0.736047
-0.721799
-0.711967
-0.719096
-0.721822
-0.708433
-0.699429
-0.705776
-0.707748
-0.695072
-0.68676
-0.692451
-0.693787
-0.681715
-0.67399
-0.679122
-0.679916
-0.668362
-0.661141
-0.665792
-0.666115
-0.655011
-0.64823
-0.65246
-0.65237
-0.641662
-0.635266
-0.639125
-0.638672
-0.628313
-0.622261
-0.625789
-0.625014
-0.614966
-0.60922
-0.612454
-0.611388
-0.601621
-0.59615
-0.599115
-0.597788
-0.588276
-0.583054
-0.585778
-0.584214
-0.57493
-0.569936
-0.572439
-0.570656
-0.561586
-0.5568
-0.5591
-0.557118
-0.548244
-0.543649
-0.545761
-0.543595
-0.5349
-0.530482
-0.532421
-0.530084
-0.521555
-0.517303
-0.519083
-0.516586
-0.508212
-0.504114
-0.505742
-0.503096
-0.494869
-0.490914
-0.492401
-0.489617
-0.481526
-0.477706
-0.479061
-0.476146
-0.468185
-0.464491
-0.465723
-0.462683
-0.454842
-0.451268
-0.452381
-0.449226
-0.441499
-0.438039
-0.439039
-0.435773
-0.428156
-0.424804
-0.425699
-0.422329
-0.414813
-0.411564
-0.412357
-0.408888
-0.401472
-0.39832
-0.399017
-0.395451
-0.38813
-0.385072
-0.385677
-0.38202
-0.374788
-0.371819
-0.372336
-0.368592
-0.361449
-0.358564
-0.358993
-0.355164
-0.348105
-0.345305
-0.345655
-0.341741
-0.334761
-0.332043
-0.332312
-0.328323
-0.32142
-0.318777
-0.318972
-0.314906
-0.308078
-0.30551
-0.30563
-0.30149
-0.294735
-0.292239
-0.292289
-0.28808
-0.281394
-0.278968
-0.278948
-0.274669
-0.268052
-0.265694
-0.265606
-0.261259
-0.25471
-0.25242
-0.252265
-0.247855
-0.241369
-0.239142
-0.238925
-0.234449
-0.228027
-0.225865
-0.225584
-0.221045
-0.214687
-0.212585
-0.212241
-0.207642
-0.201344
-0.199304
-0.1989
-0.19424
-0.188001
-0.186021
-0.185558
-0.180841
-0.17466
-0.172738
-0.172219
-0.16744
-0.161318
-0.159454
-0.158879
-0.154044
-0.147979
-0.146167
-0.145534
-0.140644
-0.134636
-0.132883
-0.132195
-0.127248
-0.121294
-0.119598
-0.118852
-0.11385
-0.107952
-0.106309
-0.10551
-0.100455
-0.0946103
-0.0930212
-0.0921698
-0.0870603
-0.0812699
-0.0797347
-0.0788301
-0.0736653
-0.0679281
-0.0664462
-0.0654878
-0.0602715
-0.0545855
-0.0531569
-0.0521461
-0.0468784
-0.0412441
-0.0398675
-0.0388033
-0.0334838
-0.0279024
-0.0265807
-0.0254625
-0.0200919
-0.0145613
-0.0132912
-0.0121205
-0.0066952
-0.001221
