0
0.00333076
0.00663555
0.00999229
0.0132711
0.0166538
0.0199066
0.0233154
0.0265421
0.0299769
0.0331777
0.0366384
0.0398131
0.0433001
0.0464486
0.0499617
0.0530841
0.0566233
0.0597194
0.063285
0.0663548
0.0699468
0.0729902
0.0766084
0.0796255
0.0832702
0.0862607
0.0899322
0.0928959
0.0965941
0.099531
0.103256
0.106166
0.109918
0.112801
0.11658
0.119436
0.123242
0.126071
0.129905
0.132706
0.136567
0.13934
0.143229
0.145975
0.149891
0.152609
0.156554
0.159244
0.163217
0.165878
0.16988
0.172512
0.176543
0.179146
0.183206
0.18578
0.189869
0.192414
0.196532
0.199048
0.203196
0.205681
0.20986
0.212315
0.216523
0.218948
0.223187
0.225581
0.229851
0.232214
0.236515
0.238846
0.24318
0.245479
0.249844
0.252112
0.25651
0.258744
0.263174
0.265376
0.26984
0.272008
0.276505
0.27864
0.28317
0.285271
0.289837
0.291901
0.296503
0.298532
0.30317
0.305163
0.309836
0.311793
0.316503
0.318423
0.323171
0.325052
0.329838
0.331682
0.336507
0.338311
0.343174
0.344939
0.349842
0.351568
0.356513
0.358195
0.36318
0.364822
0.369852
0.37145
0.376521
0.378076
0.383192
0.384702
0.389864
0.391328
0.396535
0.397953
0.403208
0.404577
0.40988
0.411202
0.416553
0.417825
0.423228
0.424448
0.429902
0.431072
0.436577
0.437692
0.443253
0.444313
0.449929
0.450933
0.456606
0.457551
0.463285
0.46417
0.469963
0.470788
0.476644
0.477406
0.483325
0.484021
0.490006
0.490636
0.49669
0.497249
0.503373
0.503862
0.510059
0.510473
0.516745
0.517083
0.523432
0.523692
0.530121
0.530299
0.536812
0.536905
0.543504
0.543508
0.550198
0.550111
0.556894
0.556711
0.563592
0.56331
0.570292
0.569906
0.576993
0.5765
0.583697
0.583091
0.590405
0.58968
0.597115
0.596264
0.603828
0.602848
0.610541
0.609429
0.617262
0.616003
0.623986
0.622576
0.630714
0.629143
0.637445
0.635705
0.644184
0.642262
0.650926
0.648813
0.657674
0.655358
0.664431
0.661897
0.671193
0.668427
0.677964
0.674948
0.684744
0.68146
0.691535
0.68796
0.698339
0.694447
0.705154
0.700922
0.711986
0.70738
0.718835
0.713817
0.725703
0.720236
0.732594
0.726627
0.739514
0.73299
0.746465
0.739317
0.753454
0.745602
0.760491
0.751836
0.767584
0.758007
0.774748
0.7641
0.781999
0.770091
0.789365
0.775953
0.796882
0.78164
0.8046
0.787091
0.812602
0.792198
0.821019
0.796797
0.830073
0.80058
0.840189
0.802947
0.852264
0.802494
0.868603
0.795121
0.897359
0.761671
1
-1.20634e-05
-1
-0.761671
-0.89736
-0.795121
-0.868603
-0.802494
-0.852263
-0.802948
-0.840188
-0.800581
-0.830074
-0.796797
-0.821018
-0.792197
-0.812602
-0.787091
-0.804601
-0.781639
-0.79688
-0.775953
-0.789365
-0.770091
-0.781999
-0.7641
-0.774747
-0.758007
-0.767583
-0.751837
-0.760491
-0.745602
-0.753456
-0.739316
-0.746464
-0.732989
-0.739514
-0.726627
-0.732594
-0.720235
-0.725702
-0.713817
-0.718833
-0.707379
-0.711986
-0.700921
-0.705155
-0.694448
-0.698339
-0.687959
-0.691537
-0.681461
-0.684745
-0.674947
-0.677963
-0.668426
-0.671194
-0.661895
-0.664429
-0.655359
-0.657674
-0.648814
-0.650927
-0.642262
-0.644182
-0.635704
-0.637447
-0.629141
-0.630713
-0.622575
-0.623985
-0.616003
-0.617263
-0.609426
-0.610546
-0.602849
-0.603825
-0.596268
-0.597113
-0.589681
-0.590404
-0.583092
-0.583698
-0.576501
-0.576992
-0.569905
-0.570292
-0.56331
-0.56359
-0.556711
-0.556893
-0.550112
-0.550199
-0.54351
-0.543503
-0.536905
-0.536812
-0.530299
-0.530121
-0.523693
-0.523432
-0.517084
-0.516745
-0.510475
-0.510057
-0.503862
-0.503374
-0.497249
-0.496688
-0.490634
-0.490005
-0.484021
-0.483324
-0.477405
-0.476643
-0.470788
-0.469964
-0.464171
-0.463287
-0.457552
-0.456606
-0.450933
-0.44993
-0.444313
-0.443252
-0.437691
-0.436575
-0.431067
-0.429901
-0.424448
-0.423227
-0.417825
-0.41655
-0.411201
-0.409878
-0.404578
-0.403207
-0.397952
-0.396533
-0.391328
-0.389863
-0.384704
-0.383192
-0.378077
-0.376523
-0.37145
-0.36985
-0.364825
-0.363184
-0.358196
-0.35651
-0.351566
-0.349845
-0.344939
-0.343175
-0.338309
-0.336505
-0.331681
-0.329837
-0.325053
-0.323169
-0.318422
-0.316504
-0.311792
-0.309836
-0.305163
-0.303169
-0.298531
-0.296502
-0.2919
-0.289836
-0.285272
-0.28317
-0.278639
-0.276504
-0.272007
-0.269839
-0.265374
-0.263173
-0.258743
-0.256508
-0.252113
-0.249843
-0.24548
-0.24318
-0.238847
-0.236515
-0.232215
-0.229853
-0.225582
-0.223188
-0.218948
-0.216525
-0.212316
-0.209859
-0.205682
-0.203194
-0.199049
-0.196531
-0.192414
-0.189869
-0.18578
-0.183206
-0.179147
-0.176543
-0.172512
-0.169881
-0.165877
-0.163216
-0.159244
-0.156557
-0.15261
-0.149894
-0.145973
-0.143228
-0.139338
-0.136569
-0.132706
-0.129903
-0.126072
-0.123244
-0.119436
-0.116579
-0.112798
-0.109918
-0.106167
-0.103254
-0.0995307
-0.0965933
-0.0928951
-0.0899317
-0.08626
-0.0832713
-0.0796252
-0.0766097
-0.0729899
-0.0699468
-0.0663554
-0.0632857
-0.0597195
-0.056622
-0.0530834
-0.0499623
-0.0464494
-0.0432994
-0.039813
-0.0366388
-0.0331776
-0.0299765
-0.0265437
-0.0233148
-0.0199089
-0.0166532
-0.0132737
-0.00999164
-0.00663497
-0.00333186
